-10 -10 -20
-7.142857075 -8.571428299 -15.7142849
-4.285714149 -7.142857075 -11.4285717
-1.428571701 -5.714285851 -7.142857552
1.428571701 -4.285714149 -2.857142448
4.285715103 -2.857142448 1.428572655
7.142856598 -1.428571701 5.714284897
10 0 10
-10 -10 -20
-7.142857075 -10 -17.1428566
-10 -7.142857075 -17.1428566
-1.428571701 -10 -11.4285717
-10 -4.285714149 -14.28571415
4.285715103 -10 -5.714284897
-10 -1.428571701 -11.4285717
10 -10 0
-10 -10 -20
-8.571428299 -7.142857075 -15.7142849
-7.142857075 -4.285714149 -11.4285717
-5.714285851 -1.428571701 -7.142857552
-4.285714149 1.428571701 -2.857142448
-2.857142448 4.285715103 1.428572655
-1.428571701 7.142856598 5.714284897
0 10 10
-10 -10 -20
-8.571428299 -10 -18.5714283
-10 -4.285714149 -14.28571415
-5.714285851 -10 -15.71428585
-10 1.428571701 -8.571428299
-2.857142448 -10 -12.85714245
-10 7.142856598 -2.857143402
0 -10 -10
-10 10 0
0 0 0
0 0 0
10 -10 0
0 0 0
0 -10 -10
0 0 0
0 -10 -10
0 0 0
-6.29835844 -1.982172966 -8.28053093
-8.732562065 -7.447504044 -16.18006516
-4.228886604 0.9275379181 -3.301348686
-4.664955139 -6.38336277 -11.04831791
-6.133767128 -6.460307598 -12.59407425
-8.403110504 -9.510749817 -17.91386032
-4.960709095 -6.401311874 -11.36202049
-7.645744324 -7.004152298 -14.64989662
1.258145332 -2.462863922 -1.20471859
-6.384933949 -7.070324421 -13.45525837
-7.671593666 -4.311656475 -11.98324966
-5.379914284 -7.122138023 -12.50205231
-5.22637701 6.28276825 1.056391239
-2.533781052 -6.583017826 -9.116798401
-1.369244576 -1.695495605 -3.064740181
-0.1024484634 -0.3795642853 -0.4820127487
-7.517270088 5.238599777 -2.278670311
-3.512824059 -1.23119545 -4.744019508
-6.062711239 -7.399634361 -13.46234512
-5.420638084 -8.642019272 -14.06265736
-4.381873131 -1.836854935 -6.218728065
6.988801956 -5.123646736 1.86515522
-7.71845293 1.830944061 -5.887508869
6.879917145 -5.412281036 1.467636108
0.0341501236 0.6428890228 0.6770391464
-5.223620892 -5.36523819 -10.58885956
-9.309958458 -6.163827896 -15.47378635
-2.069783211 7.902914047 5.833130836
9.552667618 -9.400723457 0.1519441605
7.097885132 -6.884889603 0.2129955292
-7.914884567 -2.453315735 -10.3682003
-6.145421505 -9.999575615 -16.14499664
-8.412153244 4.855678558 -3.556474686
-7.242028236 -9.472316742 -16.71434402
-8.933755875 -6.970558643 -15.90431404
-9.257647514 2.174349785 -7.083297729
-9.40075779 -4.845585823 -14.24634361
-8.422446251 -9.677794456 -18.10024071
-2.188286304 -7.204087257 -9.392374039
-8.962991714 -8.662698746 -17.62569046
-9.246404648 -5.354502201 -14.60090637
-2.507129192 -2.751452446 -5.258581638
-2.547970295 -5.596668243 -8.144638062
-6.87602663 -9.625484467 -16.50151062
-8.940306664 -5.884507179 -14.82481384
-1.040397644 -6.504273415 -7.544671059
-4.840874672 -3.899103165 -8.739977837
-6.92949295 -6.619773865 -13.54926682
-7.489625931 -9.202706337 -16.69233322
0.353679657 -1.172226906 -0.8185472488
-2.366748333 -4.234193802 -6.600942135
-6.681020737 -2.756500721 -9.437520981
-0.8887004852 -6.412780762 -7.301481247
-8.640623093 -9.544867516 -18.18548965
-5.444880486 -9.588327408 -15.03320789
-4.840114594 -3.5277071 -8.367821693
-4.596445084 5.388430595 0.7919855118
-5.99639225 -6.997426033 -12.99381828
-5.654883862 -9.37689209 -15.03177643
-9.575281143 -9.995305061 -19.57058716
-1.487215042 -7.185721874 -8.672937393
-5.785331249 -7.030644417 -12.81597519
-4.085625648 -9.12446785 -13.2100935
-5.053338528 -4.184979916 -9.238318443
-5.286766052 -8.478746414 -13.76551247
4.137737274 -7.756726265 -3.618988991
-7.62579155 -9.775177956 -17.40097046
0.3705005646 -7.580218315 -7.209717751
-5.870852947 -9.352819443 -15.22367287
-5.174919605 -2.68226862 -7.857188225
-6.270562649 -9.782273293 -16.05283546
-8.072529793 -9.392579079 -17.46510887
-9.599105835 -8.627298355 -18.22640419
-6.775989532 -7.28176403 -14.05775356
-9.038808823 -7.374415398 -16.41322327
-7.162404537 -5.071109295 -12.23351383
-8.432506561 -8.722324371 -17.15483093
-3.998889446 -9.415205956 -13.41409492
-5.389087677 -7.461053848 -12.85014153
9.194120407 -6.927974701 2.266145706
-8.469725609 -6.985623837 -15.45534897
3.345222473 -4.321979523 -0.9767570496
-6.525923729 -5.461212158 -11.98713589
3.327083588 -8.03660202 -4.709518433
-3.224627495 -5.7718153 -8.996442795
-5.952786922 5.216593742 -0.7361931801
0.7513332367 4.365644455 5.116977692
-1.562322617 -6.043958187 -7.606280804
-9.721802711 -9.35054493 -19.07234764
-4.12660408 -5.171521187 -9.298125267
-4.727502823 -4.345335484 -9.07283783
-9.522695541 5.592639923 -3.930055618
-5.587553024 -8.543361664 -14.13091469
-6.544984341 -7.195415497 -13.74040031
-5.962009907 -5.99352932 -11.9555397
-7.387729168 -2.758316517 -10.14604568
-0.8061943054 -8.704610825 -9.51080513
-0.952917099 0.3839349747 -0.5689821243
0.7570114136 -9.4065485 -8.649537086
-2.603210926 -9.694521904 -12.29773331
-6.772838593 -5.454670906 -12.2275095
4.897502899 -9.21616745 -4.318664551
-7.419082165 4.165485382 -3.253596783
-7.742574692 -9.540057182 -17.28263092
-8.699359894 -8.056817055 -16.75617599
-8.660448074 -4.889839172 -13.55028725
-5.861457825 2.069705963 -3.791751862
-2.869803905 -4.773455143 -7.643259048
-5.683511734 -9.336206436 -15.01971817
9.727817535 2.326865196 12.05468273
-8.989211082 -8.115951538 -17.10516357
-6.403648853 -7.492541313 -13.89619064
-9.29462719 5.727550507 -3.567076683
-7.750240326 -8.919757843 -16.66999817
-6.868299007 -4.147306442 -11.01560593
-4.790184021 -5.011944771 -9.802128792
6.456031799 -8.913462639 -2.45743084
-5.758667946 -9.436789513 -15.19545746
-4.846898079 -9.241157532 -14.08805561
-2.425736904 -9.931639671 -12.3573761
-9.319778442 -4.549280167 -13.86905861
-9.604969978 -7.484755993 -17.08972549
-5.226826191 -7.17364502 -12.40047073
-6.902863503 -6.449398041 -13.35226154
-1.091784477 -9.169730186 -10.26151466
-5.698055267 8.46125412 2.763198853
1.234863281 -4.884402752 -3.649539471
-9.536424637 -7.99827528 -17.53470039
-6.324154377 -2.169256687 -8.493411064
4.367282867 -7.102341175 -2.735058308
-8.103538513 -8.959685326 -17.06322479
-7.64469862 -4.118454933 -11.76315308
-3.994290352 -5.874475479 -9.868765831
-9.622683525 -9.111420631 -18.73410416
-9.323877335 -8.58605957 -17.9099369
-8.24712944 -6.557307243 -14.80443668
-4.71430254 -9.912230492 -14.62653351
-8.094892502 -5.291265488 -13.38615799
-4.128594875 -5.724543571 -9.85313797
-5.173575401 -8.288898468 -13.46247387
-5.753978729 -9.719435692 -15.47341442
-6.823104382 -6.636031628 -13.45913601
-0.2051229477 -6.453331947 -6.658454895
-8.120903015 -5.59828949 -13.7191925
-8.23760128 -6.119974136 -14.35757542
-4.225615501 -0.3883190155 -4.613934517
-7.63595438 -6.673447132 -14.30940151
-6.339278221 -5.982831478 -12.32210922
-8.520012856 9.340240479 0.820227623
-3.925040245 -0.8318891525 -4.756929398
-8.912061691 0.1081132889 -8.803948402
-8.148504257 -6.069411278 -14.21791553
-5.286343575 5.124749184 -0.1615943909
-6.411124229 3.539222717 -2.871901512
-7.506997108 -9.483873367 -16.99087143
0.3493328094 7.126209259 7.475542068
-5.573615551 -8.444295883 -14.01791191
-9.730211258 -9.121376038 -18.8515873
-7.920684338 -7.165030479 -15.08571434
-8.008927345 -4.505280972 -12.51420784
1.672330856 -5.891210556 -4.2188797
-0.02802181244 -5.351964951 -5.379986763
-9.922149658 -9.601998329 -19.52414703
-6.479966164 -4.097980976 -10.57794762
-9.864185333 -9.992473602 -19.85665894
-2.981313705 2.894734383 -0.08657932281
-0.3264532089 -1.675425529 -2.001878738
-2.667881012 6.7670784 4.099197388
-9.78575325 0.02577590942 -9.759977341
-9.494115829 2.435980797 -7.058135033
-7.004844666 -8.166012764 -15.17085743
2.443370819 -3.432898521 -0.9895277023
-7.420357704 -2.686490536 -10.10684776
-9.36444664 -9.821316719 -19.18576431
-2.801431656 -7.570946693 -10.37237835
-1.80031395 -0.9468269348 -2.747140884
-5.640621185 0.6643638611 -4.976257324
1.149802208 -8.259953499 -7.110151291
-6.433153152 -9.384795189 -15.81794834
-9.294692993 -8.929449081 -18.22414207
-7.703597069 -8.92939949 -16.63299561
-9.833600044 2.001280785 -7.83231926
-6.458791256 -4.775074005 -11.23386574
-0.8545894623 2.32582283 1.471233368
-9.389148712 -7.359835625 -16.74898529
1.721796036 -6.862903118 -5.141107082
-5.977719307 1.060873032 -4.916846275
-9.074494362 -5.287686348 -14.36218071
-4.30424118 -9.460683823 -13.764925
-5.771090031 -8.64535141 -14.41644096
-9.37622261 -7.404284477 -16.78050613
-8.559373856 -9.801568031 -18.36094284
-8.243587494 -6.324224472 -14.56781197
-0.9586467743 -6.485688686 -7.444335461
6.767084122 -6.844534397 -0.07745027542
-4.668354034 -0.1527557373 -4.821109772
-1.294592857 -7.718865395 -9.013458252
-6.782606125 -2.901238918 -9.68384552
-7.945600033 -6.052491188 -13.99809074
-7.652540207 -8.556692123 -16.20923233
-8.064382553 -5.858922005 -13.92330456
-5.057601452 1.934103966 -3.123497486
-9.461068153 -6.321063042 -15.7821312
-7.981043816 -5.387266636 -13.36831093
-4.387743473 -8.496421814 -12.88416481
-4.098890305 -5.733354092 -9.832244873
-9.053011894 8.45580864 -0.5972032547
3.346292496 -6.373853683 -3.027561188
-5.142256737 -5.997511864 -11.1397686
2.536192894 -0.8992023468 1.636990547
6.445133209 -7.556672096 -1.111538887
-9.005906105 -5.474361897 -14.48026848
-7.714186668 -8.062513351 -15.77670002
-7.193305016 -6.210117817 -13.40342331
-6.977143764 -9.938995361 -16.9161396
-8.267086029 -8.502953529 -16.7700386
-7.101789474 -5.887301445 -12.98909092
-8.43265152 -9.050180435 -17.48283195
-5.706525326 -2.98560667 -8.692131996
-7.844111443 4.045179367 -3.798932076
6.598890305 -7.309999943 -0.7111096382
-6.284225464 -7.488807678 -13.77303314
-6.486471176 -5.787913322 -12.2743845
-9.927016258 -8.947346687 -18.87436295
-2.854847431 4.235069275 1.380221844
-3.986771107 -8.24624157 -12.23301315
-1.714682579 -0.1761522293 -1.890834808
-1.941509247 -9.092701912 -11.03421116
-7.779512882 -8.094841957 -15.87435532
-5.794548512 -4.996084213 -10.79063225
-6.895584106 -3.336228848 -10.23181343
-8.847697258 -8.773673058 -17.62137032
-3.723361015 -4.475308418 -8.198669434
-7.978097916 5.695920944 -2.282176971
-1.049260139 -4.476642609 -5.525902748
-2.901663303 -4.014869213 -6.916532516
-2.565827847 -4.074802876 -6.640630722
6.619499207 -8.061954498 -1.442455292
-4.90633297 -7.629702568 -12.53603554
-6.671740532 -4.080585957 -10.75232697
-8.660182953 -9.223483086 -17.88366699
1.569450378 -4.901966572 -3.332516193
-9.997678757 -7.619299889 -17.61697769
-7.956420898 -9.354348183 -17.31076813
-7.091551781 -9.845239639 -16.93679047
-6.896137238 -6.711035728 -13.60717297
-4.535965919 6.485349655 1.949383736
-3.479371548 -2.244478226 -5.723849773
-5.885045052 -6.016224861 -11.90126991
-6.909883499 -4.863434315 -11.77331734
-8.114520073 0.3754320145 -7.739088058
-7.703639507 -9.086589813 -16.7902298
-5.322803974 -7.319252968 -12.64205742
-4.277799129 -5.050334454 -9.328133583
3.345678329 6.116895676 9.462574005
-5.582879066 -7.083699226 -12.66657829
-5.839981556 -4.188642025 -10.02862358
-6.482685566 -7.085868359 -13.56855392
0.2390861511 -2.299362183 -2.060276031
-8.693178177 -5.138851166 -13.83202934
-6.647405624 -9.16076088 -15.8081665
-6.332740784 -6.409391403 -12.74213219
-0.596531868 -2.523059845 -3.119591713
-2.248303413 -2.395214081 -4.643517494
-9.651805878 -8.736206055 -18.38801193
-8.873064041 -5.957055092 -14.83011913
-9.860380173 -7.839264393 -17.69964409
-4.293014526 -5.249672413 -9.542686462
-8.186216354 -8.555513382 -16.74172974
-9.424117088 2.514383316 -6.909733772
1.831439972 -9.780478477 -7.949038506
-6.452775955 3.331190109 -3.121585846
-9.9072752 -7.511558533 -17.41883469
2.020647049 -6.065677643 -4.045030594
-2.171223164 -5.198876381 -7.370099545
-4.846356392 -7.554242134 -12.40059853
-9.219055176 -3.375861168 -12.59491634
-1.534288406 -7.405045033 -8.939332962
-6.856501579 -7.525868416 -14.38237
-9.890229225 0.0582408905 -9.831988335
9.9094944 -9.531144142 0.3783502579
-0.541018486 -6.112141609 -6.653160095
-2.789273262 -5.12326622 -7.912539482
-6.494326591 -7.063016891 -13.55734348
-9.779568672 -7.155946732 -16.93551636
5.160434723 -8.519451141 -3.359016418
4.814959526 -7.254824638 -2.439865112
7.358922958 -2.13027668 5.228646278
-7.748898506 -4.026612282 -11.77551079
1.190594673 -7.61436224 -6.423767567
-7.664303303 -5.406887054 -13.07118988
4.271343231 3.373012543 7.644355774
-8.733695984 8.498510361 -0.2351856232
-3.053545475 -3.174394608 -6.227940083
-2.085832596 8.226852417 6.141019821
4.572065353 -9.291674614 -4.719609261
-9.180500031 -9.009493828 -18.18999481
2.155498505 3.107813835 5.26331234
-5.944231987 -3.759351254 -9.703582764
-0.2401819229 -2.810667038 -3.050848961
-2.837614059 -8.775202751 -11.61281681
-1.733821869 -5.2220397 -6.955861568
-5.4566679 -8.596458435 -14.05312634
-4.527685165 -6.683646679 -11.21133232
5.068489075 2.478060722 7.546549797
-7.908979893 -6.775184631 -14.68416405
3.057569504 -6.237089157 -3.179519653
-3.234918118 -1.002059937 -4.236978054
3.250561714 7.897563934 11.14812565
3.356241226 -8.522127151 -5.165885925
4.934822083 -3.175684929 1.759137154
-2.616017342 6.28726387 3.671246529
-1.942315102 -8.864200592 -10.80651569
-9.325746536 -9.74822998 -19.07397652
-7.436509132 -6.928134918 -14.36464405
7.786258698 -6.785606384 1.000652313
-7.373020649 -8.245111465 -15.61813164
-8.158826828 7.80014801 -0.3586788177
-9.833623886 -7.343957901 -17.17758179
-0.3262405396 -8.901049614 -9.227290154
-7.013984203 -8.744353294 -15.75833702
-5.336952686 -5.833139896 -11.17009258
5.710072517 8.868682861 14.57875538
-9.206933022 5.068696976 -4.138236046
-2.651729584 -6.544346809 -9.196076393
-6.749176502 -4.380912304 -11.13008881
7.519651413 -4.846435547 2.673215866
0.003664016724 -7.787880421 -7.784216404
-8.018344879 -8.748632431 -16.76697731
-8.847940445 -9.143670082 -17.99161148
-9.085412025 -3.533503532 -12.61891556
-9.263277054 -4.371900082 -13.63517761
-2.958707333 -2.87657547 -5.835282803
-9.952137947 -6.734278679 -16.68641663
-4.707269192 6.48620224 1.778933048
-7.489031792 -3.764992237 -11.25402451
-4.218975067 -9.932382584 -14.15135765
-9.522657394 -5.675521851 -15.19817924
-8.765548706 -8.964784622 -17.73033333
3.419624329 -9.519441605 -6.099817276
-6.365716934 -9.236557007 -15.60227394
-6.58819294 -6.438009262 -13.0262022
-0.7025384903 -9.67812252 -10.38066101
-3.358337879 -4.170670509 -7.529008389
-6.078634739 -8.306986809 -14.38562202
-0.836016655 -9.429110527 -10.26512718
1.779900551 -9.147385597 -7.367485046
-5.100802422 2.972248077 -2.128554344
-8.255945206 1.355830193 -6.900115013
-6.26277256 -4.322925568 -10.58569813
-8.767814636 0.4638271332 -8.303987503
-6.649258614 -0.08853530884 -6.737793922
-6.275557518 -7.480143547 -13.75570107
2.17954731 -7.572441101 -5.392893791
-9.430444717 -3.075368881 -12.5058136
-8.267465591 -7.598342896 -15.86580849
-9.306089401 3.685815811 -5.62027359
-7.889275074 -7.987133503 -15.87640858
-6.87727499 -6.073391438 -12.95066643
5.36673069 -7.19467783 -1.82794714
-8.61249733 -7.78461647 -16.3971138
-7.056156158 7.136528015 0.08037185669
8.101837158 -8.945845604 -0.8440084457
-6.520932198 -9.431025505 -15.9519577
-9.108453751 -7.84675312 -16.95520782
-1.090597153 0.4066963196 -0.6839008331
-7.539325237 -9.296976089 -16.8363018
-5.804522514 -9.210925102 -15.01544762
-9.654162407 -8.464160919 -18.11832428
0.5610523224 -7.532806396 -6.971754074
-5.097684383 -2.696058273 -7.793742657
-3.793596268 -7.925815582 -11.71941185
0.8571996689 -8.815175056 -7.957975388
0.1417484283 -6.063967705 -5.922219276
-2.949380398 -4.045217514 -6.994597912
-9.741394997 9.191165924 -0.5502290726
-8.858510017 -1.072508812 -9.931018829
-5.157732487 -4.604688168 -9.762420654
-6.762263298 -9.580980301 -16.34324265
-7.328270912 -5.977797031 -13.30606842
-6.633580685 -9.676746368 -16.31032753
-8.123289108 -4.615177155 -12.73846626
4.981735229 -9.033480644 -4.051745415
-1.080040932 -6.593001366 -7.673042297
-8.458095551 -6.578583717 -15.03667927
-3.591073036 -6.17909193 -9.77016449
-8.398448944 -7.724469185 -16.12291718
-5.158669472 -9.211320877 -14.36999035
-5.992895126 -7.999184608 -13.99207973
-7.708742619 -6.902215481 -14.6109581
-8.001623154 -9.809396744 -17.8110199
-3.845594406 -5.056279182 -8.901873589
-6.753832817 0.3795166016 -6.374316216
0.646323204 2.763957977 3.410281181
-8.590921402 -7.894587517 -16.48550797
-3.500002861 -4.596214771 -8.096218109
-2.613763809 -8.727191925 -11.34095573
-8.805089951 -7.576804161 -16.38189316
-5.233920097 -3.774856567 -9.008776665
-7.834474564 -0.6401357651 -8.474610329
1.583889008 1.169404984 2.753293991
-3.880169868 0.6030073166 -3.277162552
-8.872560501 -7.714537621 -16.58709717
-9.731030464 1.713318825 -8.017711639
-9.355082512 -7.767684937 -17.1227684
-6.126803398 9.442718506 3.315915108
0.01915073395 -7.07130146 -7.052150726
-9.589162827 -8.764334679 -18.35349655
-3.062246323 -6.946659565 -10.00890541
-3.792570114 2.427042007 -1.365528107
-9.690047264 -9.13996315 -18.83000946
-7.851602554 -8.276852608 -16.12845612
-8.529899597 4.821716309 -3.708183289
-9.361924171 -8.667844772 -18.0297699
-6.41255188 -1.248954773 -7.661506653
-5.930477142 -8.550706863 -14.48118401
-4.927336693 -8.403258324 -13.33059502
-7.895022392 -4.577272415 -12.47229481
-7.64972353 -7.632932663 -15.28265572
-9.091394424 3.804698944 -5.28669548
-7.350883484 -9.442200661 -16.79308319
-6.992314816 -9.002388 -15.99470329
-8.506597519 -3.895401001 -12.40199852
-4.756917477 -8.967204094 -13.72412109
-8.006720543 -8.557161331 -16.56388092
-5.618424416 -9.641325951 -15.25975037
-0.6765117645 -6.962144852 -7.638656616
-5.300151825 -7.297111511 -12.59726334
-6.409618378 -1.205976486 -7.615594864
-8.625246048 -8.468166351 -17.0934124
-7.140228271 -9.259439468 -16.39966774
-5.853970051 3.948210716 -1.905759335
-0.9659824371 -8.199699402 -9.165681839
4.797937393 -1.611060143 3.186877251
-7.614231586 -8.554997444 -16.16922951
-8.072638512 -6.050777435 -14.12341595
-7.44699192 -6.894123077 -14.341115
-2.065926075 -7.36695385 -9.432880402
-7.014457703 -2.474265099 -9.488722801
-9.471244812 -0.05817890167 -9.529423714
-9.195379257 -9.204458237 -18.39983749
-5.119834423 -3.551797867 -8.671632767
-8.435819626 -8.254364967 -16.69018555
5.46561718 -8.068094254 -2.602477074
9.338817596 -7.295911312 2.042906284
1.127242088 -6.97517395 -5.847931862
-9.739198685 -5.035998821 -14.77519798
-7.924190998 -9.366492271 -17.29068375
2.867841721 -4.422686577 -1.554844856
-9.533412933 -8.482711792 -18.01612473
-8.72482872 -2.159418583 -10.88424683
-1.958638191 -7.315546989 -9.274185181
-3.090797424 -4.026117802 -7.116915226
4.299404144 -5.878997803 -1.579593658
-8.110304832 -1.828715324 -9.939020157
-7.477784634 -4.16805315 -11.64583778
-5.774518967 -9.204720497 -14.97923946
-8.402544022 -2.071889877 -10.4744339
-8.871650696 -9.631158829 -18.50280952
-7.624455452 -7.442662716 -15.06711769
-6.969122887 -8.296272278 -15.26539516
-6.711304665 7.450399399 0.7390947342
-8.898256302 -4.686660767 -13.58491707
-9.491844177 -9.497097015 -18.98894119
-5.692081451 1.452358246 -4.239723206
-7.12933588 -1.802571297 -8.931907654
-6.75433588 -6.823519707 -13.57785606
-6.377331734 -8.079248428 -14.45658016
-1.12963295 4.650292397 3.520659447
-9.222379684 7.856880188 -1.365499496
-4.93392992 -6.970365524 -11.90429497
-8.98859024 -6.123868942 -15.11245918
-9.264691353 -8.501885414 -17.76657677
-7.669514656 6.576940536 -1.09257412
-9.460252762 -6.979352951 -16.43960571
-3.877783298 -2.414594173 -6.292377472
-8.038498878 -3.84422493 -11.88272381
-6.893768311 -6.632635593 -13.52640343
-7.804489136 -9.905467033 -17.70995712
2.130636215 -5.08242178 -2.951785564
-8.057133675 -9.969625473 -18.0267601
-4.733197212 -5.987825871 -10.72102356
-9.179894447 0.3667697906 -8.813124657
2.727507591 -1.13677597 1.590731621
-1.120399475 -3.910756588 -5.031156063
-6.98474741 -8.42842865 -15.41317558
-7.016187668 -6.624902248 -13.64109039
-7.478449821 -9.815125465 -17.29357529
-6.089847565 -8.227773666 -14.31762123
-6.462441444 1.268493652 -5.193947792
-4.421972275 -9.918808937 -14.34078121
-5.662393093 -5.54744339 -11.20983696
-8.418925285 -9.333864212 -17.75278854
-3.467202187 -8.014108658 -11.48131084
-9.78639698 -6.920530319 -16.70692825
-9.642661095 -8.388281822 -18.03094292
-7.139061928 -7.64257431 -14.78163624
-0.9137172699 -3.737493515 -4.651210785
2.921417236 -0.3987941742 2.522623062
0.01599502563 -5.710028648 -5.694033623
-0.9801301956 -5.01361084 -5.993741035
-8.542539597 -8.97779274 -17.52033234
-8.964156151 -6.700463295 -15.66461945
2.24312973 -8.233047485 -5.989917755
-8.766845703 -8.091464996 -16.8583107
-5.604680538 -8.707040787 -14.3117218
-9.846238136 -0.9451189041 -10.79135704
-5.559453964 -7.491193771 -13.05064774
-6.399435997 -1.640322685 -8.039758682
-4.762111664 -0.7592411041 -5.521352768
-8.288024902 -9.630950928 -17.91897583
3.182525635 -8.809692383 -5.627166748
-4.122526169 -3.743919373 -7.866445541
-9.374240875 -5.485106468 -14.85934734
-6.393041611 -8.895960808 -15.28900242
-4.825220585 -2.082231045 -6.90745163
-4.964096069 -7.335468769 -12.29956436
-7.949193954 -7.999539852 -15.94873428
-9.62618351 -8.250524521 -17.87670898
-7.749908924 -8.241827011 -15.99173546
-9.517910957 -5.315423489 -14.83333397
-8.913572311 -9.396009445 -18.30958176
-7.090857029 2.098009109 -4.992847919
-3.650546074 0.2031745911 -3.447371483
4.730080605 -3.792328358 0.9377522469
-8.241657257 -4.571658134 -12.81331539
-7.357034206 -6.950630188 -14.30766487
-6.912417412 -5.608952522 -12.52136993
-6.464979172 -9.610482216 -16.07546234
-3.948974133 -9.066814423 -13.01578903
1.071462631 -2.847475052 -1.776012421
-9.021183968 -7.948924541 -16.97010803
-3.901717663 3.912612915 0.01089525223
-7.858084202 -9.09066391 -16.94874763
-2.161923409 -1.548946381 -3.710869789
-8.979492188 -5.539577961 -14.51906967
-6.978496552 -7.720958233 -14.69945526
-7.776059628 -4.711491585 -12.48755074
-2.449956894 -7.716161251 -10.16611862
-7.860321045 -3.651604652 -11.5119257
7.64213562 2.894166946 10.53630257
-7.710748196 -7.023333549 -14.73408127
0.4644632339 7.530143738 7.994606972
-9.441300392 -9.673469543 -19.11476898
-7.879985809 -8.263658524 -16.14364433
-4.757269859 -3.04229641 -7.799566269
-9.076435089 -2.47172451 -11.5481596
-6.262150288 -7.34522438 -13.60737419
-4.058864594 -6.289964676 -10.34882927
-5.822759151 9.14913559 3.326376438
-6.156544685 4.299721718 -1.856822968
-7.033012867 -5.993422508 -13.02643585
-9.138567924 -4.998537064 -14.13710499
4.766113281 -5.166429996 -0.4003167152
-9.518809319 7.275230408 -2.243578911
-4.785470963 -9.961256027 -14.74672699
-8.807125092 -8.445137024 -17.25226212
-7.80751133 9.452690125 1.645178795
0.3953113556 -6.687932968 -6.292621613
4.596107483 -7.254097939 -2.657990456
-7.730389595 -6.730669975 -14.46105957
-4.373355389 8.741371155 4.368015766
7.759916306 -2.669098854 5.090817451
-5.111119747 -7.976484299 -13.08760452
-7.157052994 -8.499769211 -15.6568222
-8.633197784 -6.147907734 -14.78110504
-4.720215321 3.239565849 -1.480649471
-7.112482548 9.318525314 2.206042767
-7.877034187 -9.934872627 -17.81190681
-5.56481266 -3.441795349 -9.006608009
-4.735311985 -5.724085808 -10.45939827
-9.72517395 7.445766449 -2.279407501
6.657335281 -6.917033195 -0.2596979141
-7.136779785 -8.432043076 -15.56882286
-8.032291412 -7.680558205 -15.71284962
-3.206279755 -8.392757416 -11.59903717
-8.008277893 2.223930359 -5.784347534
-9.944960594 -9.574753761 -19.51971436
6.314628601 -6.214185238 0.1004433632
-7.320530891 -9.386184692 -16.70671463
-5.080266953 6.946458817 1.866191864
-8.504471779 -7.966086388 -16.47055817
-9.388288498 -9.209512711 -18.59780121
-9.61517334 -8.258718491 -17.87389183
-8.609920502 -9.814709663 -18.42462921
-6.461091042 -7.626580238 -14.08767128
-8.890164375 -9.714268684 -18.60443306
-5.102365017 4.498218536 -0.6041464806
0.9808979034 -2.772479534 -1.791581631
-7.537506104 -3.392643452 -10.93014908
-6.39141798 -9.204283714 -15.59570122
-1.765473366 6.487112045 4.72163868
-8.700365067 -8.343551636 -17.0439167
-9.067196846 -6.772420883 -15.83961773
0.008183479309 -8.4556036 -8.44742012
-7.646482468 -6.257937908 -13.90442085
-8.714056969 -4.664304256 -13.37836075
-8.039139748 -9.17672348 -17.21586227
-5.393500805 -7.596215248 -12.98971558
-4.740151405 -0.3368358612 -5.076987267
1.710926056 -4.730751514 -3.019825459
7.71661377 -4.246268272 3.470345497
0.1068210602 -5.078425407 -4.971604347
2.295113564 -0.5326633453 1.762450218
-8.524603844 -9.092979431 -17.61758423
-8.94123745 -0.498916626 -9.440154076
-6.899688244 -9.165128708 -16.06481743
-8.663089752 -6.07314682 -14.73623657
-3.425511837 -1.098002434 -4.523514271
-9.138542175 3.741415024 -5.397127151
-8.728564262 6.034721375 -2.693842888
-9.314953804 -0.428396225 -9.743350029
-7.150895119 -8.085632324 -15.23652744
-6.425226688 -4.419100761 -10.84432793
-5.753229141 -8.087985992 -13.84121513
-6.296061516 -9.954689026 -16.2507515
-7.556652069 6.414011002 -1.142641068
-1.639632225 -3.700833797 -5.340466022
-2.999613762 -7.134509087 -10.13412285
-6.210518837 -9.103282928 -15.31380177
-7.703904629 -8.052302361 -15.75620651
2.723036766 -5.979271889 -3.256235123
-9.899065018 -8.885570526 -18.78463554
-8.276329994 -2.76137352 -11.03770351
-7.068315506 -8.987628937 -16.05594444
-5.648331642 -7.894405842 -13.54273796
-3.739682198 -5.868836403 -9.6085186
1.021494865 -9.385157585 -8.36366272
-7.479059219 -9.10104847 -16.58010864
-1.857229233 -6.211091042 -8.068320274
-5.628267288 -5.122027874 -10.75029564
-3.834126472 1.019861221 -2.814265251
-4.882443428 0.5775156021 -4.304927826
-6.832281113 -9.828252792 -16.66053391
0.2763795853 -7.941744328 -7.665364742
-6.502248287 2.008013725 -4.494234562
-5.202657223 -5.182869434 -10.38552666
-8.403754234 -3.838537216 -12.24229145
-9.156705856 3.15353775 -6.003168106
1.279882431 -3.610361099 -2.330478668
-1.831571579 -9.434341431 -11.26591301
-9.975420952 -7.768436432 -17.74385834
-7.368647575 -8.884628296 -16.25327682
-2.635202408 2.368217468 -0.2669849396
-8.327127457 6.040771484 -2.286355972
6.994535446 -0.7741451263 6.22039032
5.757955551 -8.472690582 -2.714735031
-8.060111046 -7.859988689 -15.92009926
-9.894952774 -5.634334564 -15.52928734
-8.57456398 -9.862269402 -18.43683243
1.5933218 -6.417740822 -4.824419022
-7.630046368 -7.089118004 -14.71916389
-8.290127754 -8.171935081 -16.46206284
-5.212566376 -2.539511204 -7.752077579
1.220937729 -8.309370041 -7.088432312
-4.427382469 2.967151642 -1.460230827
-4.569113731 -5.146615028 -9.71572876
-8.947618484 -5.264445305 -14.21206379
-7.320178509 -7.812955856 -15.13313484
-9.203941345 -5.332786083 -14.53672791
-8.291572571 -8.78258419 -17.07415771
-8.585539818 -9.593240738 -18.1787796
-9.863264084 -8.924330711 -18.78759384
-7.762277603 -0.3656349182 -8.127912521
-4.887198925 3.090023041 -1.797175884
-6.881941795 -9.189732552 -16.07167435
-7.498906136 -7.30091095 -14.79981709
-5.287099838 -9.807160378 -15.09426022
-3.883797646 -6.682719707 -10.56651688
4.167455673 -3.46404314 0.7034125328
-7.579660416 3.402715683 -4.176944733
-5.809766293 -9.911427498 -15.72119331
-8.973263741 -6.146224022 -15.11948776
-3.463785172 -7.365272999 -10.82905769
-7.445786476 -6.261450291 -13.70723724
-7.212028503 -6.993906021 -14.20593452
-4.963682175 -3.977518559 -8.941200256
3.725223541 -8.610719681 -4.88549614
-8.430063248 -8.877134323 -17.30719757
-5.464715004 -8.628260612 -14.09297562
-9.858512878 -9.82427597 -19.68278885
-9.647460938 -6.010845661 -15.65830612
-1.16217804 1.973519325 0.8113412857
-5.575026989 -7.35125351 -12.92628098
-4.743694305 -5.396191597 -10.1398859
-6.746440887 -8.964529037 -15.71096992
-2.115633965 -3.514325142 -5.629959106
-2.85794735 -3.700466633 -6.558413982
5.287822723 -8.255052567 -2.967229843
-3.44103241 -6.440219402 -9.881252289
-9.347574234 -9.077319145 -18.42489243
-3.700610161 -7.333261013 -11.0338707
-2.226893902 -6.168995857 -8.395889282
-7.100289345 -7.82318306 -14.9234724
-5.766822338 -6.868336678 -12.63515854
-6.151075363 -7.921037197 -14.07211304
-1.878153801 -6.325133324 -8.203287125
-3.870609283 -6.474724293 -10.3453331
-7.033141136 -8.62778759 -15.66092873
-5.39735651 -6.842233658 -12.23958969
0.4245271683 -8.780502319 -8.355975151
-9.799575806 -9.039234161 -18.83880997
-0.6714878082 -8.906975746 -9.578463554
-6.376968384 -3.825953007 -10.20292091
-7.336219311 -0.9982891083 -8.334508896
3.33486557 -7.074570656 -3.739705086
-9.826270103 -6.244230747 -16.07050133
-6.642813683 -7.952417374 -14.59523106
-9.940925598 -4.420763969 -14.36168957
6.544174194 -4.544724464 1.99944973
0.5290269852 -6.583795547 -6.054768562
5.775276184 -0.1237735748 5.651502609
-7.09756422 -9.227655411 -16.32522011
-4.188715935 -0.5289325714 -4.717648506
-7.172156334 -6.934970856 -14.10712719
4.449201584 -7.330160618 -2.880959034
-5.383219719 -4.068652153 -9.451871872
-4.765669823 -8.216386795 -12.98205662
-8.583446503 -6.401143551 -14.98459053
9.203079224 -9.842748642 -0.6396694183
-7.996547699 -7.423381805 -15.4199295
-0.8304710388 -9.059518814 -9.889989853
-8.202188492 -8.568504333 -16.77069283
-7.037295818 -8.382139206 -15.4194355
-4.649506092 -8.553344727 -13.20285034
-7.398341656 0.4504375458 -6.94790411
9.797109604 -9.611254692 0.1858549118
4.79758358 -8.144893646 -3.347310066
-7.059028625 -2.469426155 -9.528454781
-9.438717842 -6.214929581 -15.65364742
-3.020625591 -6.245815277 -9.266441345
-9.649759293 -3.406280994 -13.05603981
-6.498777866 -5.155058861 -11.6538372
-9.892953873 3.242424011 -6.650529861
-9.567128181 -6.04604435 -15.61317253
7.91610527 3.315529823 11.23163509
-1.18924427 -7.57224369 -8.761487961
-5.711400032 -9.93888855 -15.65028858
-7.028098106 0.2769470215 -6.751151085
-4.850745201 0.4450035095 -4.405741692
-7.837220192 -9.228967667 -17.06618881
-3.380042076 -7.93504715 -11.31508923
-2.936908722 -7.644999504 -10.58190823
-9.804840088 -8.511507034 -18.31634712
-5.897742748 3.816623688 -2.081119061
3.748970985 -2.805027008 0.9439439774
-2.097106457 2.306562424 0.2094559669
-8.805940628 0.2005634308 -8.605377197
-7.179405689 -3.505048275 -10.68445396
-8.76106739 -9.988212585 -18.74927902
-4.371132851 -9.645943642 -14.01707649
7.503736496 7.858011246 15.36174774
-7.598988056 -6.230307102 -13.82929516
-5.756768703 -9.326233864 -15.08300209
-7.994033337 -7.650559425 -15.64459229
-2.046703815 -9.147326469 -11.19403076
-7.766504288 -5.609759808 -13.37626457
6.172306061 -6.352457047 -0.1801509857
-6.285357475 -5.985485554 -12.27084351
-4.767468452 -7.425125122 -12.19259357
-9.49296093 -7.600316525 -17.09327698
-2.811515808 -1.640607834 -4.452123642
-5.300294876 -6.518313408 -11.81860828
-8.786523819 -9.812413216 -18.59893799
6.633989334 -9.394781113 -2.760791779
-9.87115097 5.095438957 -4.775712013
-9.839104652 0.1357727051 -9.703331947
-9.263231277 5.588314056 -3.674917221
-5.75600338 -7.969535351 -13.72553825
-6.311748505 -8.556083679 -14.86783218
1.633601189 -4.412401199 -2.778800011
-3.362362385 -1.328585625 -4.690948009
2.577967644 -5.41720295 -2.839235306
-4.804899693 3.090589523 -1.714310169
-9.173672676 5.897902489 -3.275770187
-8.53737545 -9.017522812 -17.55489731
-4.987761974 -6.936718941 -11.92448044
-8.081048012 5.717857361 -2.363190651
1.065372467 -5.576076984 -4.510704517
-5.03501606 -9.110048294 -14.14506435
-4.090864658 0.01909637451 -4.071768284
-9.35278511 -8.836176872 -18.18896103
3.063131332 -8.101086617 -5.037955284
-6.311589718 9.415697098 3.10410738
-9.598041534 -9.98859787 -19.5866394
-7.521956444 -7.514175892 -15.03613281
-9.445290565 6.508756638 -2.936533928
-8.426130295 2.919739723 -5.506390572
-7.81682682 -8.980849266 -16.79767609
5.951148033 -2.686199188 3.264948845
-7.372110367 -5.965610504 -13.33772087
9.120607376 -8.436674118 0.6839332581
-5.056753635 -7.969099998 -13.02585411
-9.993048668 -1.720074654 -11.71312332
-9.838458061 -6.592464447 -16.43092346
-0.2751903534 -7.606080055 -7.881270409
5.045060158 -9.432764053 -4.387703896
-9.40018177 -8.391094208 -17.79127502
-6.536472797 -3.931043148 -10.46751595
4.58262825 3.080306053 7.662934303
-6.512153149 -8.9913311 -15.50348473
-5.200997353 7.472358704 2.271361351
-5.216063499 0.6093425751 -4.606720924
-1.885088921 2.368565559 0.4834766388
-2.915478706 -6.73130846 -9.646787643
2.009950638 -6.404341698 -4.39439106
-6.438165665 1.696746826 -4.741418839
-8.823915482 -8.308468819 -17.13238525
-4.849196434 -8.656435966 -13.5056324
-9.38791275 -5.966684341 -15.35459709
-6.94340229 -6.710490704 -13.65389252
-3.273940563 -8.387145042 -11.66108513
-6.016218662 -6.882074356 -12.89829254
-5.934057713 -8.797190666 -14.73124886
-9.85742569 -9.087244987 -18.94467163
3.103307724 -9.938860893 -6.835553169
-0.6383523941 0.3400373459 -0.2983150482
-8.650182724 -9.404368401 -18.05455017
-7.048922539 1.212658882 -5.836263657
-3.599617958 -8.615573883 -12.21519184
-8.878980637 -8.888681412 -17.76766205
-1.105823517 -3.635933399 -4.741756916
-1.302117348 -8.022338867 -9.324456215
-8.750221252 -8.662549019 -17.41276932
2.751373291 -8.549822807 -5.798449516
-2.668199062 -1.605382919 -4.273581982
0.9553670883 5.922740936 6.878108025
-9.642328262 -4.032690048 -13.67501831
-7.127353668 -3.500963211 -10.62831688
-4.190237999 3.719297409 -0.4709405899
1.565452576 -8.189912796 -6.62446022
-9.263072014 -9.952142715 -19.21521378
-8.046024323 -3.918923378 -11.9649477
-6.843299866 -7.549902916 -14.39320278
-5.271576881 -6.827115059 -12.09869194
-4.530205727 -8.580499649 -13.11070538
-7.231884003 -8.415944099 -15.6478281
-3.339755058 -2.415378571 -5.755133629
-9.995718002 -8.158306122 -18.15402412
-9.670186996 -3.19853735 -12.86872482
8.134170532 -7.482500553 0.6516699791
-8.901711464 -6.19919014 -15.1009016
-4.414573193 -4.279412746 -8.693985939
-0.6902761459 -7.127966881 -7.818243027
5.460617065 7.4010849 12.86170197
-5.616428375 -7.234377384 -12.85080528
0.4804039001 -7.447319031 -6.966915131
-5.433813095 -5.946500778 -11.38031387
-7.511369705 2.615586281 -4.895783424
-9.189033508 -9.535663605 -18.72469711
3.565393448 -5.634966373 -2.069572926
-8.408776283 -5.459181786 -13.86795807
-2.840340137 -9.437633514 -12.27797318
-5.74339819 -9.227455139 -14.97085381
-7.035881996 -1.688142776 -8.724024773
3.020401001 -2.91071701 0.1096839905
-5.863720894 -6.512095451 -12.37581635
-8.084384918 -1.553409576 -9.637794495
4.169570923 -8.408190727 -4.238619804
-1.888770103 -7.067691803 -8.956461906
-0.6456689835 -8.658625603 -9.304294586
8.474351883 -5.502830982 2.971520901
-9.504897118 -5.295129776 -14.80002689
9.112693787 0.2361316681 9.348825455
-9.032224655 -7.717505932 -16.74973106
-4.274204254 5.377669334 1.10346508
-4.668945312 -5.617576599 -10.28652191
-7.845639229 -8.208070755 -16.05371094
8.172948837 -3.43451786 4.738430977
-8.31672287 -5.956071854 -14.27279472
-9.646450043 0.444735527 -9.201714516
-9.282917976 -8.944578171 -18.2274971
-8.654718399 -6.881682396 -15.53640079
-4.780210495 -7.097641945 -11.87785244
-7.0623312 -4.877581596 -11.9399128
-9.456681252 -6.970302105 -16.42698288
-3.463325024 -9.646118164 -13.10944366
-7.717708588 -9.016706467 -16.73441505
4.855182648 -9.615478516 -4.760295868
-2.377316475 -7.180474281 -9.557790756
-8.07837677 -9.010481834 -17.08885956
-1.459357262 -3.04934597 -4.508703232
6.227981567 5.234106064 11.46208763
8.564861298 -2.406749249 6.158112049
-8.089561462 -8.30464077 -16.39420319
-7.087789536 -9.544594765 -16.63238525
-9.008904457 -9.526366234 -18.53527069
-5.080350876 -9.693266869 -14.77361774
-5.668048382 -8.839353561 -14.50740242
-2.310442924 -6.709008694 -9.019451141
-8.384951591 -9.918509483 -18.30346107
-9.852420807 -8.305815697 -18.15823746
-9.073083878 -6.298270226 -15.3713541
-1.613916397 -6.198702812 -7.812619209
-3.377386093 -5.477620125 -8.855006218
-5.738367081 -8.888127327 -14.62649441
-0.8726005554 -5.297485828 -6.170086384
4.164163589 -8.700939178 -4.536775589
8.881046295 -3.789630413 5.091415882
-9.659258842 -9.26230526 -18.9215641
-9.708580017 -8.615816116 -18.32439613
-0.4920158386 -9.627727509 -10.11974335
-5.717348576 -5.930015564 -11.64736366
-9.303804398 -9.991511345 -19.29531479
-4.997725487 0.2260379791 -4.771687508
4.375490189 -8.062175751 -3.686685562
-6.3029809 -9.678336143 -15.98131752
-3.807484627 -9.495582581 -13.30306721
-8.781427383 -9.919198036 -18.70062637
-4.340572834 -7.837818146 -12.1783905
-8.035370827 -9.709839821 -17.74521065
-9.864415169 -9.852341652 -19.71675682
-7.29406023 -5.952291965 -13.2463522
-9.738319397 1.326089859 -8.412229538
-8.492528915 2.491911888 -6.000617027
-7.855373383 -9.929391861 -17.78476524
-7.845457554 1.096224785 -6.749232769
-7.58110714 9.512577057 1.931469917
-9.555225372 3.16750145 -6.387723923
-3.636193275 -6.663322926 -10.29951668
-8.36299324 -7.122282028 -15.48527527
-8.382824898 -8.470233917 -16.85305786
-9.566947937 -8.405735016 -17.97268295
-6.620364189 -6.982631683 -13.60299587
9.966432571 -2.314528465 7.651904106
-7.609842777 -3.243733406 -10.85357666
4.083785057 -9.663255692 -5.579470634
-9.491082191 -8.081375122 -17.57245636
-5.635820389 -7.213681698 -12.84950256
-7.336541176 -3.643253326 -10.9797945
-4.580611706 -6.653358459 -11.23397064
3.457349777 3.468982697 6.926332474
-9.491819382 0.8321228027 -8.659696579
4.249166489 -8.218336105 -3.969169617
-9.910708427 1.13920784 -8.771500587
-5.441111565 -2.901867867 -8.342979431
-6.069779396 -9.502932549 -15.57271194
-6.412128448 -8.656387329 -15.06851578
-5.967412472 0.3882656097 -5.579146862
-7.515979767 -9.124523163 -16.64050293
-9.446500778 9.640584946 0.1940841675
-0.8363075256 -5.399572849 -6.235880375
-7.147636414 6.739486694 -0.4081497192
-6.909080982 -9.377860069 -16.28694153
-0.7328290939 3.439529419 2.706700325
-4.086349487 -3.461718559 -7.548068047
-5.641117096 -4.812508106 -10.45362473
-9.525860786 -8.841814041 -18.36767578
-5.998217106 -2.552947521 -8.551164627
-5.185811043 -8.402405739 -13.58821678
-5.435341835 -4.720755577 -10.15609741
-6.459017754 -2.763228416 -9.22224617
-9.189271927 -8.095730782 -17.28500366
-9.729635239 -2.880609512 -12.61024475
6.957679749 -4.436239243 2.521440506
5.512680054 -9.329855919 -3.817175865
-5.658596992 -0.07727718353 -5.735874176
-8.005516052 3.353366852 -4.6521492
-1.512226105 -7.982796669 -9.495022774
-6.43117857 -8.973236084 -15.40441513
4.312433243 -7.954502583 -3.64206934
-5.910997868 -4.644592285 -10.55558968
-9.308170319 -2.509828568 -11.81799889
-6.927527905 -0.172785759 -7.100313663
-8.595864296 -7.518612862 -16.11447716
-5.938119411 -9.710896492 -15.64901543
-5.77130127 0.3269615173 -5.444339752
0.09311294556 -9.553057671 -9.459944725
-3.815865517 -8.066741943 -11.88260746
-9.221076965 -7.188516617 -16.40959358
-7.656061172 -6.934661865 -14.59072304
-9.886051178 -2.08342123 -11.96947289
-7.52779007 -5.387547493 -12.91533756
-3.45830822 -3.181035519 -6.639343739
1.099289894 -9.718967438 -8.619677544
-4.493313789 -6.599187851 -11.09250164
-9.9926548 6.633117676 -3.359537125
-4.689383984 -9.27603054 -13.96541405
-2.717705727 -7.177789688 -9.895495415
0.3698234558 -9.881790161 -9.511966705
-8.837444305 -7.935955048 -16.77339935
-7.406430721 -2.261175156 -9.667606354
-1.814790726 -1.596263885 -3.411054611
-9.194077492 -8.28927803 -17.48335648
2.732038498 -8.560275078 -5.82823658
-7.63460207 -0.8817739487 -8.516376495
-6.555912018 -8.489429474 -15.04534149
-7.427502155 -9.966345787 -17.39384842
-6.393002987 -8.146266937 -14.5392704
-9.062965393 -9.484506607 -18.547472
-8.88479805 -8.7520504 -17.63684845
-9.195109367 4.538995743 -4.656113625
0.6371040344 2.648643494 3.285747528
-9.856749535 -8.033546448 -17.89029694
0.09754371643 -7.487400532 -7.389856815
-2.502109528 -9.232028008 -11.73413754
-7.481390953 6.579681396 -0.9017095566
-3.46003294 -7.191140652 -10.65117359
-1.907287598 0.5408906937 -1.366396904
6.002433777 -5.71836853 0.2840652466
