-10 -10 -20 0
-7.142857075 -8.571428299 -15.7142849 1.428571224
-4.285714149 -7.142857075 -11.4285717 2.857142925
-1.428571701 -5.714285851 -7.142857552 4.285714149
1.428571701 -4.285714149 -2.857142448 5.714285851
4.285715103 -2.857142448 1.428572655 7.142857552
7.142856598 -1.428571701 5.714284897 8.571428299
10 0 10 10
-10 -10 -20 0
-7.142857075 -10 -17.1428566 2.857142925
-10 -7.142857075 -17.1428566 -2.857142925
-1.428571701 -10 -11.4285717 8.571428299
-10 -4.285714149 -14.28571415 -5.714285851
4.285715103 -10 -5.714284897 14.2857151
-10 -1.428571701 -11.4285717 -8.571428299
10 -10 0 20
-10 -10 -20 0
-8.571428299 -7.142857075 -15.7142849 -1.428571224
-7.142857075 -4.285714149 -11.4285717 -2.857142925
-5.714285851 -1.428571701 -7.142857552 -4.285714149
-4.285714149 1.428571701 -2.857142448 -5.714285851
-2.857142448 4.285715103 1.428572655 -7.142857552
-1.428571701 7.142856598 5.714284897 -8.571428299
0 10 10 -10
-10 -10 -20 0
-8.571428299 -10 -18.5714283 1.428571701
-10 -4.285714149 -14.28571415 -5.714285851
-5.714285851 -10 -15.71428585 4.285714149
-10 1.428571701 -8.571428299 -11.4285717
-2.857142448 -10 -12.85714245 7.142857552
-10 7.142856598 -2.857143402 -17.1428566
0 -10 -10 10
-10 10 0 -20
0 0 0 0
0 0 0 0
10 -10 0 20
0 0 0 0
0 -10 -10 10
0 0 0 0
0 -10 -10 10
0 0 0 0
-6.29835844 -1.982172966 -8.28053093 -4.316185474
-8.732562065 -7.447504044 -16.18006516 -1.285058022
-4.228886604 0.9275379181 -3.301348686 -5.156424522
-4.664955139 -6.38336277 -11.04831791 1.718407631
-6.133767128 -6.460307598 -12.59407425 0.3265404701
-8.403110504 -9.510749817 -17.91386032 1.107639313
-4.960709095 -6.401311874 -11.36202049 1.440602779
-7.645744324 -7.004152298 -14.64989662 -0.6415920258
1.258145332 -2.462863922 -1.20471859 3.721009254
-6.384933949 -7.070324421 -13.45525837 0.6853904724
-7.671593666 -4.311656475 -11.98324966 -3.359937191
-5.379914284 -7.122138023 -12.50205231 1.74222374
-5.22637701 6.28276825 1.056391239 -11.50914574
-2.533781052 -6.583017826 -9.116798401 4.049236774
-1.369244576 -1.695495605 -3.064740181 0.32625103
-0.1024484634 -0.3795642853 -0.4820127487 0.2771158218
-7.517270088 5.238599777 -2.278670311 -12.75586987
-3.512824059 -1.23119545 -4.744019508 -2.281628609
-6.062711239 -7.399634361 -13.46234512 1.336923122
-5.420638084 -8.642019272 -14.06265736 3.221381187
-4.381873131 -1.836854935 -6.218728065 -2.545018196
6.988801956 -5.123646736 1.86515522 12.11244869
-7.71845293 1.830944061 -5.887508869 -9.549396515
6.879917145 -5.412281036 1.467636108 12.29219818
0.0341501236 0.6428890228 0.6770391464 -0.6087388992
-5.223620892 -5.36523819 -10.58885956 0.1416172981
-9.309958458 -6.163827896 -15.47378635 -3.146130562
-2.069783211 7.902914047 5.833130836 -9.972697258
9.552667618 -9.400723457 0.1519441605 18.95339203
7.097885132 -6.884889603 0.2129955292 13.98277473
-7.914884567 -2.453315735 -10.3682003 -5.461568832
-6.145421505 -9.999575615 -16.14499664 3.85415411
-8.412153244 4.855678558 -3.556474686 -13.2678318
-7.242028236 -9.472316742 -16.71434402 2.230288506
-8.933755875 -6.970558643 -15.90431404 -1.963197231
-9.257647514 2.174349785 -7.083297729 -11.4319973
-9.40075779 -4.845585823 -14.24634361 -4.555171967
-8.422446251 -9.677794456 -18.10024071 1.255348206
-2.188286304 -7.204087257 -9.392374039 5.015800953
-8.962991714 -8.662698746 -17.62569046 -0.3002929688
-9.246404648 -5.354502201 -14.60090637 -3.891902447
-2.507129192 -2.751452446 -5.258581638 0.2443232536
-2.547970295 -5.596668243 -8.144638062 3.048697948
-6.87602663 -9.625484467 -16.50151062 2.749457836
-8.940306664 -5.884507179 -14.82481384 -3.055799484
-1.040397644 -6.504273415 -7.544671059 5.463875771
-4.840874672 -3.899103165 -8.739977837 -0.9417715073
-6.92949295 -6.619773865 -13.54926682 -0.3097190857
-7.489625931 -9.202706337 -16.69233322 1.713080406
0.353679657 -1.172226906 -0.8185472488 1.525906563
-2.366748333 -4.234193802 -6.600942135 1.867445469
-6.681020737 -2.756500721 -9.437520981 -3.924520016
-0.8887004852 -6.412780762 -7.301481247 5.524080276
-8.640623093 -9.544867516 -18.18548965 0.9042444229
-5.444880486 -9.588327408 -15.03320789 4.143446922
-4.840114594 -3.5277071 -8.367821693 -1.312407494
-4.596445084 5.388430595 0.7919855118 -9.984875679
-5.99639225 -6.997426033 -12.99381828 1.001033783
-5.654883862 -9.37689209 -15.03177643 3.722008228
-9.575281143 -9.995305061 -19.57058716 0.4200239182
-1.487215042 -7.185721874 -8.672937393 5.698506832
-5.785331249 -7.030644417 -12.81597519 1.245313168
-4.085625648 -9.12446785 -13.2100935 5.038842201
-5.053338528 -4.184979916 -9.238318443 -0.8683586121
-5.286766052 -8.478746414 -13.76551247 3.191980362
4.137737274 -7.756726265 -3.618988991 11.89446354
-7.62579155 -9.775177956 -17.40097046 2.149386406
0.3705005646 -7.580218315 -7.209717751 7.95071888
-5.870852947 -9.352819443 -15.22367287 3.481966496
-5.174919605 -2.68226862 -7.857188225 -2.492650986
-6.270562649 -9.782273293 -16.05283546 3.511710644
-8.072529793 -9.392579079 -17.46510887 1.320049286
-9.599105835 -8.627298355 -18.22640419 -0.9718074799
-6.775989532 -7.28176403 -14.05775356 0.505774498
-9.038808823 -7.374415398 -16.41322327 -1.664393425
-7.162404537 -5.071109295 -12.23351383 -2.091295242
-8.432506561 -8.722324371 -17.15483093 0.2898178101
-3.998889446 -9.415205956 -13.41409492 5.416316509
-5.389087677 -7.461053848 -12.85014153 2.071966171
9.194120407 -6.927974701 2.266145706 16.12209511
-8.469725609 -6.985623837 -15.45534897 -1.484101772
3.345222473 -4.321979523 -0.9767570496 7.667201996
-6.525923729 -5.461212158 -11.98713589 -1.064711571
3.327083588 -8.03660202 -4.709518433 11.36368561
-3.224627495 -5.7718153 -8.996442795 2.547187805
-5.952786922 5.216593742 -0.7361931801 -11.16938019
0.7513332367 4.365644455 5.116977692 -3.614311218
-1.562322617 -6.043958187 -7.606280804 4.481635571
-9.721802711 -9.35054493 -19.07234764 -0.371257782
-4.12660408 -5.171521187 -9.298125267 1.044917107
-4.727502823 -4.345335484 -9.07283783 -0.3821673393
-9.522695541 5.592639923 -3.930055618 -15.11533546
-5.587553024 -8.543361664 -14.13091469 2.95580864
-6.544984341 -7.195415497 -13.74040031 0.6504311562
-5.962009907 -5.99352932 -11.9555397 0.03151941299
-7.387729168 -2.758316517 -10.14604568 -4.629412651
-0.8061943054 -8.704610825 -9.51080513 7.898416519
-0.952917099 0.3839349747 -0.5689821243 -1.336852074
0.7570114136 -9.4065485 -8.649537086 10.16355991
-2.603210926 -9.694521904 -12.29773331 7.091310978
-6.772838593 -5.454670906 -12.2275095 -1.318167686
4.897502899 -9.21616745 -4.318664551 14.11367035
-7.419082165 4.165485382 -3.253596783 -11.58456802
-7.742574692 -9.540057182 -17.28263092 1.797482491
-8.699359894 -8.056817055 -16.75617599 -0.6425428391
-8.660448074 -4.889839172 -13.55028725 -3.770608902
-5.861457825 2.069705963 -3.791751862 -7.931163788
-2.869803905 -4.773455143 -7.643259048 1.903651237
-5.683511734 -9.336206436 -15.01971817 3.652694702
9.727817535 2.326865196 12.05468273 7.400952339
-8.989211082 -8.115951538 -17.10516357 -0.8732595444
-6.403648853 -7.492541313 -13.89619064 1.08889246
-9.29462719 5.727550507 -3.567076683 -15.0221777
-7.750240326 -8.919757843 -16.66999817 1.169517517
-6.868299007 -4.147306442 -11.01560593 -2.720992565
-4.790184021 -5.011944771 -9.802128792 0.2217607498
6.456031799 -8.913462639 -2.45743084 15.36949444
-5.758667946 -9.436789513 -15.19545746 3.678121567
-4.846898079 -9.241157532 -14.08805561 4.394259453
-2.425736904 -9.931639671 -12.3573761 7.505902767
-9.319778442 -4.549280167 -13.86905861 -4.770498276
-9.604969978 -7.484755993 -17.08972549 -2.120213985
-5.226826191 -7.17364502 -12.40047073 1.946818829
-6.902863503 -6.449398041 -13.35226154 -0.4534654617
-1.091784477 -9.169730186 -10.26151466 8.077945709
-5.698055267 8.46125412 2.763198853 -14.15930939
1.234863281 -4.884402752 -3.649539471 6.119266033
-9.536424637 -7.99827528 -17.53470039 -1.538149357
-6.324154377 -2.169256687 -8.493411064 -4.15489769
4.367282867 -7.102341175 -2.735058308 11.46962357
-8.103538513 -8.959685326 -17.06322479 0.8561468124
-7.64469862 -4.118454933 -11.76315308 -3.526243687
-3.994290352 -5.874475479 -9.868765831 1.880185127
-9.622683525 -9.111420631 -18.73410416 -0.5112628937
-9.323877335 -8.58605957 -17.9099369 -0.7378177643
-8.24712944 -6.557307243 -14.80443668 -1.689822197
-4.71430254 -9.912230492 -14.62653351 5.197927952
-8.094892502 -5.291265488 -13.38615799 -2.803627014
-4.128594875 -5.724543571 -9.85313797 1.595948696
-5.173575401 -8.288898468 -13.46247387 3.115323067
-5.753978729 -9.719435692 -15.47341442 3.965456963
-6.823104382 -6.636031628 -13.45913601 -0.1870727539
-0.2051229477 -6.453331947 -6.658454895 6.248209
-8.120903015 -5.59828949 -13.7191925 -2.522613525
-8.23760128 -6.119974136 -14.35757542 -2.117627144
-4.225615501 -0.3883190155 -4.613934517 -3.837296486
-7.63595438 -6.673447132 -14.30940151 -0.9625072479
-6.339278221 -5.982831478 -12.32210922 -0.356446743
-8.520012856 9.340240479 0.820227623 -17.86025238
-3.925040245 -0.8318891525 -4.756929398 -3.093151093
-8.912061691 0.1081132889 -8.803948402 -9.02017498
-8.148504257 -6.069411278 -14.21791553 -2.079092979
-5.286343575 5.124749184 -0.1615943909 -10.41109276
-6.411124229 3.539222717 -2.871901512 -9.950346947
-7.506997108 -9.483873367 -16.99087143 1.976876259
0.3493328094 7.126209259 7.475542068 -6.77687645
-5.573615551 -8.444295883 -14.01791191 2.870680332
-9.730211258 -9.121376038 -18.8515873 -0.6088352203
-7.920684338 -7.165030479 -15.08571434 -0.7556538582
-8.008927345 -4.505280972 -12.51420784 -3.503646374
1.672330856 -5.891210556 -4.2188797 7.563541412
-0.02802181244 -5.351964951 -5.379986763 5.323943138
-9.922149658 -9.601998329 -19.52414703 -0.320151329
-6.479966164 -4.097980976 -10.57794762 -2.381985188
-9.864185333 -9.992473602 -19.85665894 0.128288269
-2.981313705 2.894734383 -0.08657932281 -5.876048088
-0.3264532089 -1.675425529 -2.001878738 1.348972321
-2.667881012 6.7670784 4.099197388 -9.434959412
-9.78575325 0.02577590942 -9.759977341 -9.81152916
-9.494115829 2.435980797 -7.058135033 -11.93009663
-7.004844666 -8.166012764 -15.17085743 1.161168098
2.443370819 -3.432898521 -0.9895277023 5.876269341
-7.420357704 -2.686490536 -10.10684776 -4.733867168
-9.36444664 -9.821316719 -19.18576431 0.456870079
-2.801431656 -7.570946693 -10.37237835 4.769515038
-1.80031395 -0.9468269348 -2.747140884 -0.8534870148
-5.640621185 0.6643638611 -4.976257324 -6.304985046
1.149802208 -8.259953499 -7.110151291 9.409755707
-6.433153152 -9.384795189 -15.81794834 2.951642036
-9.294692993 -8.929449081 -18.22414207 -0.3652439117
-7.703597069 -8.92939949 -16.63299561 1.225802422
-9.833600044 2.001280785 -7.83231926 -11.83488083
-6.458791256 -4.775074005 -11.23386574 -1.683717251
-0.8545894623 2.32582283 1.471233368 -3.180412292
-9.389148712 -7.359835625 -16.74898529 -2.029313087
1.721796036 -6.862903118 -5.141107082 8.584699631
-5.977719307 1.060873032 -4.916846275 -7.038592339
-9.074494362 -5.287686348 -14.36218071 -3.786808014
-4.30424118 -9.460683823 -13.764925 5.156442642
-5.771090031 -8.64535141 -14.41644096 2.874261379
-9.37622261 -7.404284477 -16.78050613 -1.971938133
-8.559373856 -9.801568031 -18.36094284 1.242194176
-8.243587494 -6.324224472 -14.56781197 -1.919363022
-0.9586467743 -6.485688686 -7.444335461 5.527041912
6.767084122 -6.844534397 -0.07745027542 13.61161804
-4.668354034 -0.1527557373 -4.821109772 -4.515598297
-1.294592857 -7.718865395 -9.013458252 6.424272537
-6.782606125 -2.901238918 -9.68384552 -3.881367207
-7.945600033 -6.052491188 -13.99809074 -1.893108845
-7.652540207 -8.556692123 -16.20923233 0.9041519165
-8.064382553 -5.858922005 -13.92330456 -2.205460548
-5.057601452 1.934103966 -3.123497486 -6.991705418
-9.461068153 -6.321063042 -15.7821312 -3.140005112
-7.981043816 -5.387266636 -13.36831093 -2.59377718
-4.387743473 -8.496421814 -12.88416481 4.108678341
-4.098890305 -5.733354092 -9.832244873 1.634463787
-9.053011894 8.45580864 -0.5972032547 -17.50881958
3.346292496 -6.373853683 -3.027561188 9.720146179
-5.142256737 -5.997511864 -11.1397686 0.855255127
2.536192894 -0.8992023468 1.636990547 3.435395241
6.445133209 -7.556672096 -1.111538887 14.00180531
-9.005906105 -5.474361897 -14.48026848 -3.531544209
-7.714186668 -8.062513351 -15.77670002 0.348326683
-7.193305016 -6.210117817 -13.40342331 -0.9831871986
-6.977143764 -9.938995361 -16.9161396 2.961851597
-8.267086029 -8.502953529 -16.7700386 0.2358675003
-7.101789474 -5.887301445 -12.98909092 -1.214488029
-8.43265152 -9.050180435 -17.48283195 0.6175289154
-5.706525326 -2.98560667 -8.692131996 -2.720918655
-7.844111443 4.045179367 -3.798932076 -11.88929081
6.598890305 -7.309999943 -0.7111096382 13.90888977
-6.284225464 -7.488807678 -13.77303314 1.204582214
-6.486471176 -5.787913322 -12.2743845 -0.6985578537
-9.927016258 -8.947346687 -18.87436295 -0.9796695709
-2.854847431 4.235069275 1.380221844 -7.089916706
-3.986771107 -8.24624157 -12.23301315 4.259470463
-1.714682579 -0.1761522293 -1.890834808 -1.53853035
-1.941509247 -9.092701912 -11.03421116 7.151192665
-7.779512882 -8.094841957 -15.87435532 0.3153290749
-5.794548512 -4.996084213 -10.79063225 -0.7984642982
-6.895584106 -3.336228848 -10.23181343 -3.559355259
-8.847697258 -8.773673058 -17.62137032 -0.07402420044
-3.723361015 -4.475308418 -8.198669434 0.751947403
-7.978097916 5.695920944 -2.282176971 -13.67401886
-1.049260139 -4.476642609 -5.525902748 3.427382469
-2.901663303 -4.014869213 -6.916532516 1.11320591
-2.565827847 -4.074802876 -6.640630722 1.508975029
6.619499207 -8.061954498 -1.442455292 14.6814537
-4.90633297 -7.629702568 -12.53603554 2.723369598
-6.671740532 -4.080585957 -10.75232697 -2.591154575
-8.660182953 -9.223483086 -17.88366699 0.5633001328
1.569450378 -4.901966572 -3.332516193 6.47141695
-9.997678757 -7.619299889 -17.61697769 -2.378378868
-7.956420898 -9.354348183 -17.31076813 1.397927284
-7.091551781 -9.845239639 -16.93679047 2.753687859
-6.896137238 -6.711035728 -13.60717297 -0.1851015091
-4.535965919 6.485349655 1.949383736 -11.02131557
-3.479371548 -2.244478226 -5.723849773 -1.234893322
-5.885045052 -6.016224861 -11.90126991 0.1311798096
-6.909883499 -4.863434315 -11.77331734 -2.046449184
-8.114520073 0.3754320145 -7.739088058 -8.489952087
-7.703639507 -9.086589813 -16.7902298 1.382950306
-5.322803974 -7.319252968 -12.64205742 1.996448994
-4.277799129 -5.050334454 -9.328133583 0.7725353241
3.345678329 6.116895676 9.462574005 -2.771217346
-5.582879066 -7.083699226 -12.66657829 1.50082016
-5.839981556 -4.188642025 -10.02862358 -1.651339531
-6.482685566 -7.085868359 -13.56855392 0.6031827927
0.2390861511 -2.299362183 -2.060276031 2.538448334
-8.693178177 -5.138851166 -13.83202934 -3.554327011
-6.647405624 -9.16076088 -15.8081665 2.513355255
-6.332740784 -6.409391403 -12.74213219 0.07665061951
-0.596531868 -2.523059845 -3.119591713 1.926527977
-2.248303413 -2.395214081 -4.643517494 0.1469106674
-9.651805878 -8.736206055 -18.38801193 -0.915599823
-8.873064041 -5.957055092 -14.83011913 -2.916008949
-9.860380173 -7.839264393 -17.69964409 -2.02111578
-4.293014526 -5.249672413 -9.542686462 0.9566578865
-8.186216354 -8.555513382 -16.74172974 0.3692970276
-9.424117088 2.514383316 -6.909733772 -11.9385004
1.831439972 -9.780478477 -7.949038506 11.61191845
-6.452775955 3.331190109 -3.121585846 -9.783966064
-9.9072752 -7.511558533 -17.41883469 -2.395716667
2.020647049 -6.065677643 -4.045030594 8.086324692
-2.171223164 -5.198876381 -7.370099545 3.027653217
-4.846356392 -7.554242134 -12.40059853 2.707885742
-9.219055176 -3.375861168 -12.59491634 -5.843194008
-1.534288406 -7.405045033 -8.939332962 5.870756626
-6.856501579 -7.525868416 -14.38237 0.6693668365
-9.890229225 0.0582408905 -9.831988335 -9.948470116
9.9094944 -9.531144142 0.3783502579 19.4406395
-0.541018486 -6.112141609 -6.653160095 5.571123123
-2.789273262 -5.12326622 -7.912539482 2.333992958
-6.494326591 -7.063016891 -13.55734348 0.5686903
-9.779568672 -7.155946732 -16.93551636 -2.623621941
5.160434723 -8.519451141 -3.359016418 13.67988586
4.814959526 -7.254824638 -2.439865112 12.06978416
7.358922958 -2.13027668 5.228646278 9.489199638
-7.748898506 -4.026612282 -11.77551079 -3.722286224
1.190594673 -7.61436224 -6.423767567 8.804956436
-7.664303303 -5.406887054 -13.07118988 -2.257416248
4.271343231 3.373012543 7.644355774 0.8983306885
-8.733695984 8.498510361 -0.2351856232 -17.23220634
-3.053545475 -3.174394608 -6.227940083 0.1208491325
-2.085832596 8.226852417 6.141019821 -10.31268501
4.572065353 -9.291674614 -4.719609261 13.86373997
-9.180500031 -9.009493828 -18.18999481 -0.1710062027
2.155498505 3.107813835 5.26331234 -0.9523153305
-5.944231987 -3.759351254 -9.703582764 -2.184880733
-0.2401819229 -2.810667038 -3.050848961 2.570485115
-2.837614059 -8.775202751 -11.61281681 5.937588692
-1.733821869 -5.2220397 -6.955861568 3.488217831
-5.4566679 -8.596458435 -14.05312634 3.139790535
-4.527685165 -6.683646679 -11.21133232 2.155961514
5.068489075 2.478060722 7.546549797 2.590428352
-7.908979893 -6.775184631 -14.68416405 -1.133795261
3.057569504 -6.237089157 -3.179519653 9.294658661
-3.234918118 -1.002059937 -4.236978054 -2.232858181
3.250561714 7.897563934 11.14812565 -4.64700222
3.356241226 -8.522127151 -5.165885925 11.87836838
4.934822083 -3.175684929 1.759137154 8.110507011
-2.616017342 6.28726387 3.671246529 -8.903281212
-1.942315102 -8.864200592 -10.80651569 6.92188549
-9.325746536 -9.74822998 -19.07397652 0.4224834442
-7.436509132 -6.928134918 -14.36464405 -0.5083742142
7.786258698 -6.785606384 1.000652313 14.57186508
-7.373020649 -8.245111465 -15.61813164 0.8720908165
-8.158826828 7.80014801 -0.3586788177 -15.95897484
-9.833623886 -7.343957901 -17.17758179 -2.489665985
-0.3262405396 -8.901049614 -9.227290154 8.574809074
-7.013984203 -8.744353294 -15.75833702 1.730369091
-5.336952686 -5.833139896 -11.17009258 0.4961872101
5.710072517 8.868682861 14.57875538 -3.158610344
-9.206933022 5.068696976 -4.138236046 -14.27563
-2.651729584 -6.544346809 -9.196076393 3.892617226
-6.749176502 -4.380912304 -11.13008881 -2.368264198
7.519651413 -4.846435547 2.673215866 12.36608696
0.003664016724 -7.787880421 -7.784216404 7.791544437
-8.018344879 -8.748632431 -16.76697731 0.7302875519
-8.847940445 -9.143670082 -17.99161148 0.2957296371
-9.085412025 -3.533503532 -12.61891556 -5.551908493
-9.263277054 -4.371900082 -13.63517761 -4.891376972
-2.958707333 -2.87657547 -5.835282803 -0.08213186264
-9.952137947 -6.734278679 -16.68641663 -3.217859268
-4.707269192 6.48620224 1.778933048 -11.19347191
-7.489031792 -3.764992237 -11.25402451 -3.724039555
-4.218975067 -9.932382584 -14.15135765 5.713407516
-9.522657394 -5.675521851 -15.19817924 -3.847135544
-8.765548706 -8.964784622 -17.73033333 0.1992359161
3.419624329 -9.519441605 -6.099817276 12.93906593
-6.365716934 -9.236557007 -15.60227394 2.870840073
-6.58819294 -6.438009262 -13.0262022 -0.1501836777
-0.7025384903 -9.67812252 -10.38066101 8.97558403
-3.358337879 -4.170670509 -7.529008389 0.8123326302
-6.078634739 -8.306986809 -14.38562202 2.22835207
-0.836016655 -9.429110527 -10.26512718 8.593093872
1.779900551 -9.147385597 -7.367485046 10.92728615
-5.100802422 2.972248077 -2.128554344 -8.073050499
-8.255945206 1.355830193 -6.900115013 -9.611775398
-6.26277256 -4.322925568 -10.58569813 -1.939846992
-8.767814636 0.4638271332 -8.303987503 -9.231641769
-6.649258614 -0.08853530884 -6.737793922 -6.560723305
-6.275557518 -7.480143547 -13.75570107 1.204586029
2.17954731 -7.572441101 -5.392893791 9.751988411
-9.430444717 -3.075368881 -12.5058136 -6.355075836
-8.267465591 -7.598342896 -15.86580849 -0.6691226959
-9.306089401 3.685815811 -5.62027359 -12.99190521
-7.889275074 -7.987133503 -15.87640858 0.09785842896
-6.87727499 -6.073391438 -12.95066643 -0.8038835526
5.36673069 -7.19467783 -1.82794714 12.561409
-8.61249733 -7.78461647 -16.3971138 -0.8278808594
-7.056156158 7.136528015 0.08037185669 -14.19268417
8.101837158 -8.945845604 -0.8440084457 17.04768372
-6.520932198 -9.431025505 -15.9519577 2.910093307
-9.108453751 -7.84675312 -16.95520782 -1.26170063
-1.090597153 0.4066963196 -0.6839008331 -1.497293472
-7.539325237 -9.296976089 -16.8363018 1.757650852
-5.804522514 -9.210925102 -15.01544762 3.406402588
-9.654162407 -8.464160919 -18.11832428 -1.190001488
0.5610523224 -7.532806396 -6.971754074 8.093858719
-5.097684383 -2.696058273 -7.793742657 -2.40162611
-3.793596268 -7.925815582 -11.71941185 4.132219315
0.8571996689 -8.815175056 -7.957975388 9.672374725
0.1417484283 -6.063967705 -5.922219276 6.205716133
-2.949380398 -4.045217514 -6.994597912 1.095837116
-9.741394997 9.191165924 -0.5502290726 -18.93255997
-8.858510017 -1.072508812 -9.931018829 -7.786001205
-5.157732487 -4.604688168 -9.762420654 -0.5530443192
-6.762263298 -9.580980301 -16.34324265 2.818717003
-7.328270912 -5.977797031 -13.30606842 -1.350473881
-6.633580685 -9.676746368 -16.31032753 3.043165684
-8.123289108 -4.615177155 -12.73846626 -3.508111954
4.981735229 -9.033480644 -4.051745415 14.01521587
-1.080040932 -6.593001366 -7.673042297 5.512960434
-8.458095551 -6.578583717 -15.03667927 -1.879511833
-3.591073036 -6.17909193 -9.77016449 2.588018894
-8.398448944 -7.724469185 -16.12291718 -0.6739797592
-5.158669472 -9.211320877 -14.36999035 4.052651405
-5.992895126 -7.999184608 -13.99207973 2.006289482
-7.708742619 -6.902215481 -14.6109581 -0.8065271378
-8.001623154 -9.809396744 -17.8110199 1.80777359
-3.845594406 -5.056279182 -8.901873589 1.210684776
-6.753832817 0.3795166016 -6.374316216 -7.133349419
0.646323204 2.763957977 3.410281181 -2.117634773
-8.590921402 -7.894587517 -16.48550797 -0.6963338852
-3.500002861 -4.596214771 -8.096218109 1.09621191
-2.613763809 -8.727191925 -11.34095573 6.113428116
-8.805089951 -7.576804161 -16.38189316 -1.228285789
-5.233920097 -3.774856567 -9.008776665 -1.45906353
-7.834474564 -0.6401357651 -8.474610329 -7.194338799
1.583889008 1.169404984 2.753293991 0.414484024
-3.880169868 0.6030073166 -3.277162552 -4.483177185
-8.872560501 -7.714537621 -16.58709717 -1.158022881
-9.731030464 1.713318825 -8.017711639 -11.44434929
-9.355082512 -7.767684937 -17.1227684 -1.587397575
-6.126803398 9.442718506 3.315915108 -15.5695219
0.01915073395 -7.07130146 -7.052150726 7.090452194
-9.589162827 -8.764334679 -18.35349655 -0.8248281479
-3.062246323 -6.946659565 -10.00890541 3.884413242
-3.792570114 2.427042007 -1.365528107 -6.219612122
-9.690047264 -9.13996315 -18.83000946 -0.5500841141
-7.851602554 -8.276852608 -16.12845612 0.4252500534
-8.529899597 4.821716309 -3.708183289 -13.35161591
-9.361924171 -8.667844772 -18.0297699 -0.6940793991
-6.41255188 -1.248954773 -7.661506653 -5.163597107
-5.930477142 -8.550706863 -14.48118401 2.620229721
-4.927336693 -8.403258324 -13.33059502 3.475921631
-7.895022392 -4.577272415 -12.47229481 -3.317749977
-7.64972353 -7.632932663 -15.28265572 -0.01679086685
-9.091394424 3.804698944 -5.28669548 -12.89609337
-7.350883484 -9.442200661 -16.79308319 2.091317177
-6.992314816 -9.002388 -15.99470329 2.010073185
-8.506597519 -3.895401001 -12.40199852 -4.611196518
-4.756917477 -8.967204094 -13.72412109 4.210286617
-8.006720543 -8.557161331 -16.56388092 0.5504407883
-5.618424416 -9.641325951 -15.25975037 4.022901535
-0.6765117645 -6.962144852 -7.638656616 6.285633087
-5.300151825 -7.297111511 -12.59726334 1.996959686
-6.409618378 -1.205976486 -7.615594864 -5.203641891
-8.625246048 -8.468166351 -17.0934124 -0.1570796967
-7.140228271 -9.259439468 -16.39966774 2.119211197
-5.853970051 3.948210716 -1.905759335 -9.802181244
-0.9659824371 -8.199699402 -9.165681839 7.233716965
4.797937393 -1.611060143 3.186877251 6.408997536
-7.614231586 -8.554997444 -16.16922951 0.9407658577
-8.072638512 -6.050777435 -14.12341595 -2.021861076
-7.44699192 -6.894123077 -14.341115 -0.5528688431
-2.065926075 -7.36695385 -9.432880402 5.301027775
-7.014457703 -2.474265099 -9.488722801 -4.540192604
-9.471244812 -0.05817890167 -9.529423714 -9.41306591
-9.195379257 -9.204458237 -18.39983749 0.009078979492
-5.119834423 -3.551797867 -8.671632767 -1.568036556
-8.435819626 -8.254364967 -16.69018555 -0.1814546585
5.46561718 -8.068094254 -2.602477074 13.53371143
9.338817596 -7.295911312 2.042906284 16.63472939
1.127242088 -6.97517395 -5.847931862 8.102416039
-9.739198685 -5.035998821 -14.77519798 -4.703199863
-7.924190998 -9.366492271 -17.29068375 1.442301273
2.867841721 -4.422686577 -1.554844856 7.290528297
-9.533412933 -8.482711792 -18.01612473 -1.050701141
-8.72482872 -2.159418583 -10.88424683 -6.565410137
-1.958638191 -7.315546989 -9.274185181 5.356908798
-3.090797424 -4.026117802 -7.116915226 0.9353203773
4.299404144 -5.878997803 -1.579593658 10.17840195
-8.110304832 -1.828715324 -9.939020157 -6.281589508
-7.477784634 -4.16805315 -11.64583778 -3.309731483
-5.774518967 -9.204720497 -14.97923946 3.43020153
-8.402544022 -2.071889877 -10.4744339 -6.330654144
-8.871650696 -9.631158829 -18.50280952 0.7595081329
-7.624455452 -7.442662716 -15.06711769 -0.1817927361
-6.969122887 -8.296272278 -15.26539516 1.327149391
-6.711304665 7.450399399 0.7390947342 -14.16170406
-8.898256302 -4.686660767 -13.58491707 -4.211595535
-9.491844177 -9.497097015 -18.98894119 0.005252838135
-5.692081451 1.452358246 -4.239723206 -7.144439697
-7.12933588 -1.802571297 -8.931907654 -5.326764584
-6.75433588 -6.823519707 -13.57785606 0.06918382645
-6.377331734 -8.079248428 -14.45658016 1.701916695
-1.12963295 4.650292397 3.520659447 -5.779925346
-9.222379684 7.856880188 -1.365499496 -17.07925987
-4.93392992 -6.970365524 -11.90429497 2.036435604
-8.98859024 -6.123868942 -15.11245918 -2.864721298
-9.264691353 -8.501885414 -17.76657677 -0.7628059387
-7.669514656 6.576940536 -1.09257412 -14.24645519
-9.460252762 -6.979352951 -16.43960571 -2.480899811
-3.877783298 -2.414594173 -6.292377472 -1.463189125
-8.038498878 -3.84422493 -11.88272381 -4.194273949
-6.893768311 -6.632635593 -13.52640343 -0.2611327171
-7.804489136 -9.905467033 -17.70995712 2.100977898
2.130636215 -5.08242178 -2.951785564 7.213057995
-8.057133675 -9.969625473 -18.0267601 1.912491798
-4.733197212 -5.987825871 -10.72102356 1.254628658
-9.179894447 0.3667697906 -8.813124657 -9.546664238
2.727507591 -1.13677597 1.590731621 3.864283562
-1.120399475 -3.910756588 -5.031156063 2.790357113
-6.98474741 -8.42842865 -15.41317558 1.44368124
-7.016187668 -6.624902248 -13.64109039 -0.3912854195
-7.478449821 -9.815125465 -17.29357529 2.336675644
-6.089847565 -8.227773666 -14.31762123 2.137926102
-6.462441444 1.268493652 -5.193947792 -7.730935097
-4.421972275 -9.918808937 -14.34078121 5.496836662
-5.662393093 -5.54744339 -11.20983696 -0.1149497032
-8.418925285 -9.333864212 -17.75278854 0.9149389267
-3.467202187 -8.014108658 -11.48131084 4.546906471
-9.78639698 -6.920530319 -16.70692825 -2.865866661
-9.642661095 -8.388281822 -18.03094292 -1.254379272
-7.139061928 -7.64257431 -14.78163624 0.5035123825
-0.9137172699 -3.737493515 -4.651210785 2.823776245
2.921417236 -0.3987941742 2.522623062 3.320211411
0.01599502563 -5.710028648 -5.694033623 5.726023674
-0.9801301956 -5.01361084 -5.993741035 4.033480644
-8.542539597 -8.97779274 -17.52033234 0.4352531433
-8.964156151 -6.700463295 -15.66461945 -2.263692856
2.24312973 -8.233047485 -5.989917755 10.47617722
-8.766845703 -8.091464996 -16.8583107 -0.6753807068
-5.604680538 -8.707040787 -14.3117218 3.102360249
-9.846238136 -0.9451189041 -10.79135704 -8.901119232
-5.559453964 -7.491193771 -13.05064774 1.931739807
-6.399435997 -1.640322685 -8.039758682 -4.759113312
-4.762111664 -0.7592411041 -5.521352768 -4.00287056
-8.288024902 -9.630950928 -17.91897583 1.342926025
3.182525635 -8.809692383 -5.627166748 11.99221802
-4.122526169 -3.743919373 -7.866445541 -0.3786067963
-9.374240875 -5.485106468 -14.85934734 -3.889134407
-6.393041611 -8.895960808 -15.28900242 2.502919197
-4.825220585 -2.082231045 -6.90745163 -2.74298954
-4.964096069 -7.335468769 -12.29956436 2.3713727
-7.949193954 -7.999539852 -15.94873428 0.05034589767
-9.62618351 -8.250524521 -17.87670898 -1.375658989
-7.749908924 -8.241827011 -15.99173546 0.491918087
-9.517910957 -5.315423489 -14.83333397 -4.202487469
-8.913572311 -9.396009445 -18.30958176 0.4824371338
-7.090857029 2.098009109 -4.992847919 -9.188865662
-3.650546074 0.2031745911 -3.447371483 -3.853720665
4.730080605 -3.792328358 0.9377522469 8.522409439
-8.241657257 -4.571658134 -12.81331539 -3.669999123
-7.357034206 -6.950630188 -14.30766487 -0.4064040184
-6.912417412 -5.608952522 -12.52136993 -1.30346489
-6.464979172 -9.610482216 -16.07546234 3.145503044
-3.948974133 -9.066814423 -13.01578903 5.11784029
1.071462631 -2.847475052 -1.776012421 3.918937683
-9.021183968 -7.948924541 -16.97010803 -1.072259426
-3.901717663 3.912612915 0.01089525223 -7.814330578
-7.858084202 -9.09066391 -16.94874763 1.232579708
-2.161923409 -1.548946381 -3.710869789 -0.6129770279
-8.979492188 -5.539577961 -14.51906967 -3.439914227
-6.978496552 -7.720958233 -14.69945526 0.7424616814
-7.776059628 -4.711491585 -12.48755074 -3.064568043
-2.449956894 -7.716161251 -10.16611862 5.266204357
-7.860321045 -3.651604652 -11.5119257 -4.208716393
7.64213562 2.894166946 10.53630257 4.747968674
-7.710748196 -7.023333549 -14.73408127 -0.6874146461
0.4644632339 7.530143738 7.994606972 -7.065680504
-9.441300392 -9.673469543 -19.11476898 0.2321691513
-7.879985809 -8.263658524 -16.14364433 0.3836727142
-4.757269859 -3.04229641 -7.799566269 -1.71497345
-9.076435089 -2.47172451 -11.5481596 -6.604710579
-6.262150288 -7.34522438 -13.60737419 1.083074093
-4.058864594 -6.289964676 -10.34882927 2.231100082
-5.822759151 9.14913559 3.326376438 -14.97189522
-6.156544685 4.299721718 -1.856822968 -10.4562664
-7.033012867 -5.993422508 -13.02643585 -1.039590359
-9.138567924 -4.998537064 -14.13710499 -4.140030861
4.766113281 -5.166429996 -0.4003167152 9.932542801
-9.518809319 7.275230408 -2.243578911 -16.79404068
-4.785470963 -9.961256027 -14.74672699 5.175785065
-8.807125092 -8.445137024 -17.25226212 -0.3619880676
-7.80751133 9.452690125 1.645178795 -17.2602005
0.3953113556 -6.687932968 -6.292621613 7.083244324
4.596107483 -7.254097939 -2.657990456 11.85020542
-7.730389595 -6.730669975 -14.46105957 -0.9997196198
-4.373355389 8.741371155 4.368015766 -13.11472702
7.759916306 -2.669098854 5.090817451 10.42901516
-5.111119747 -7.976484299 -13.08760452 2.865364552
-7.157052994 -8.499769211 -15.6568222 1.342716217
-8.633197784 -6.147907734 -14.78110504 -2.485290051
-4.720215321 3.239565849 -1.480649471 -7.95978117
-7.112482548 9.318525314 2.206042767 -16.43100739
-7.877034187 -9.934872627 -17.81190681 2.05783844
-5.56481266 -3.441795349 -9.006608009 -2.123017311
-4.735311985 -5.724085808 -10.45939827 0.9887738228
-9.72517395 7.445766449 -2.279407501 -17.1709404
6.657335281 -6.917033195 -0.2596979141 13.57436848
-7.136779785 -8.432043076 -15.56882286 1.29526329
-8.032291412 -7.680558205 -15.71284962 -0.3517332077
-3.206279755 -8.392757416 -11.59903717 5.186477661
-8.008277893 2.223930359 -5.784347534 -10.23220825
-9.944960594 -9.574753761 -19.51971436 -0.3702068329
6.314628601 -6.214185238 0.1004433632 12.52881432
-7.320530891 -9.386184692 -16.70671463 2.065653801
-5.080266953 6.946458817 1.866191864 -12.02672577
-8.504471779 -7.966086388 -16.47055817 -0.5383853912
-9.388288498 -9.209512711 -18.59780121 -0.1787757874
-9.61517334 -8.258718491 -17.87389183 -1.356454849
-8.609920502 -9.814709663 -18.42462921 1.204789162
-6.461091042 -7.626580238 -14.08767128 1.165489197
-8.890164375 -9.714268684 -18.60443306 0.8241043091
-5.102365017 4.498218536 -0.6041464806 -9.60058403
0.9808979034 -2.772479534 -1.791581631 3.753377438
-7.537506104 -3.392643452 -10.93014908 -4.144862652
-6.39141798 -9.204283714 -15.59570122 2.812865734
-1.765473366 6.487112045 4.72163868 -8.252585411
-8.700365067 -8.343551636 -17.0439167 -0.3568134308
-9.067196846 -6.772420883 -15.83961773 -2.294775963
0.008183479309 -8.4556036 -8.44742012 8.463787079
-7.646482468 -6.257937908 -13.90442085 -1.388544559
-8.714056969 -4.664304256 -13.37836075 -4.049752712
-8.039139748 -9.17672348 -17.21586227 1.137583733
-5.393500805 -7.596215248 -12.98971558 2.202714443
-4.740151405 -0.3368358612 -5.076987267 -4.403315544
1.710926056 -4.730751514 -3.019825459 6.44167757
7.71661377 -4.246268272 3.470345497 11.96288204
0.1068210602 -5.078425407 -4.971604347 5.185246468
2.295113564 -0.5326633453 1.762450218 2.827776909
-8.524603844 -9.092979431 -17.61758423 0.5683755875
-8.94123745 -0.498916626 -9.440154076 -8.442320824
-6.899688244 -9.165128708 -16.06481743 2.265440464
-8.663089752 -6.07314682 -14.73623657 -2.589942932
-3.425511837 -1.098002434 -4.523514271 -2.327509403
-9.138542175 3.741415024 -5.397127151 -12.8799572
-8.728564262 6.034721375 -2.693842888 -14.76328564
-9.314953804 -0.428396225 -9.743350029 -8.886557579
-7.150895119 -8.085632324 -15.23652744 0.9347372055
-6.425226688 -4.419100761 -10.84432793 -2.006125927
-5.753229141 -8.087985992 -13.84121513 2.334756851
-6.296061516 -9.954689026 -16.2507515 3.65862751
-7.556652069 6.414011002 -1.142641068 -13.97066307
-1.639632225 -3.700833797 -5.340466022 2.061201572
-2.999613762 -7.134509087 -10.13412285 4.134895325
-6.210518837 -9.103282928 -15.31380177 2.892764091
-7.703904629 -8.052302361 -15.75620651 0.3483977318
2.723036766 -5.979271889 -3.256235123 8.702308655
-9.899065018 -8.885570526 -18.78463554 -1.013494492
-8.276329994 -2.76137352 -11.03770351 -5.514956474
-7.068315506 -8.987628937 -16.05594444 1.919313431
-5.648331642 -7.894405842 -13.54273796 2.2460742
-3.739682198 -5.868836403 -9.6085186 2.129154205
1.021494865 -9.385157585 -8.36366272 10.40665245
-7.479059219 -9.10104847 -16.58010864 1.62198925
-1.857229233 -6.211091042 -8.068320274 4.353861809
-5.628267288 -5.122027874 -10.75029564 -0.5062394142
-3.834126472 1.019861221 -2.814265251 -4.853987694
-4.882443428 0.5775156021 -4.304927826 -5.45995903
-6.832281113 -9.828252792 -16.66053391 2.99597168
0.2763795853 -7.941744328 -7.665364742 8.21812439
-6.502248287 2.008013725 -4.494234562 -8.510261536
-5.202657223 -5.182869434 -10.38552666 -0.01978778839
-8.403754234 -3.838537216 -12.24229145 -4.565217018
-9.156705856 3.15353775 -6.003168106 -12.31024361
1.279882431 -3.610361099 -2.330478668 4.89024353
-1.831571579 -9.434341431 -11.26591301 7.602769852
-9.975420952 -7.768436432 -17.74385834 -2.20698452
-7.368647575 -8.884628296 -16.25327682 1.515980721
-2.635202408 2.368217468 -0.2669849396 -5.003419876
-8.327127457 6.040771484 -2.286355972 -14.36789894
6.994535446 -0.7741451263 6.22039032 7.768680573
5.757955551 -8.472690582 -2.714735031 14.23064613
-8.060111046 -7.859988689 -15.92009926 -0.2001223564
-9.894952774 -5.634334564 -15.52928734 -4.26061821
-8.57456398 -9.862269402 -18.43683243 1.287705421
1.5933218 -6.417740822 -4.824419022 8.011062622
-7.630046368 -7.089118004 -14.71916389 -0.5409283638
-8.290127754 -8.171935081 -16.46206284 -0.1181926727
-5.212566376 -2.539511204 -7.752077579 -2.673055172
1.220937729 -8.309370041 -7.088432312 9.53030777
-4.427382469 2.967151642 -1.460230827 -7.394534111
-4.569113731 -5.146615028 -9.71572876 0.577501297
-8.947618484 -5.264445305 -14.21206379 -3.68317318
-7.320178509 -7.812955856 -15.13313484 0.4927773476
-9.203941345 -5.332786083 -14.53672791 -3.871155262
-8.291572571 -8.78258419 -17.07415771 0.4910116196
-8.585539818 -9.593240738 -18.1787796 1.00770092
-9.863264084 -8.924330711 -18.78759384 -0.9389333725
-7.762277603 -0.3656349182 -8.127912521 -7.396642685
-4.887198925 3.090023041 -1.797175884 -7.977221966
-6.881941795 -9.189732552 -16.07167435 2.307790756
-7.498906136 -7.30091095 -14.79981709 -0.1979951859
-5.287099838 -9.807160378 -15.09426022 4.520060539
-3.883797646 -6.682719707 -10.56651688 2.798922062
4.167455673 -3.46404314 0.7034125328 7.631498814
-7.579660416 3.402715683 -4.176944733 -10.9823761
-5.809766293 -9.911427498 -15.72119331 4.101661205
-8.973263741 -6.146224022 -15.11948776 -2.827039719
-3.463785172 -7.365272999 -10.82905769 3.901487827
-7.445786476 -6.261450291 -13.70723724 -1.184336185
-7.212028503 -6.993906021 -14.20593452 -0.2181224823
-4.963682175 -3.977518559 -8.941200256 -0.9861636162
3.725223541 -8.610719681 -4.88549614 12.33594322
-8.430063248 -8.877134323 -17.30719757 0.4470710754
-5.464715004 -8.628260612 -14.09297562 3.163545609
-9.858512878 -9.82427597 -19.68278885 -0.03423690796
-9.647460938 -6.010845661 -15.65830612 -3.636615276
-1.16217804 1.973519325 0.8113412857 -3.135697365
-5.575026989 -7.35125351 -12.92628098 1.776226521
-4.743694305 -5.396191597 -10.1398859 0.6524972916
-6.746440887 -8.964529037 -15.71096992 2.21808815
-2.115633965 -3.514325142 -5.629959106 1.398691177
-2.85794735 -3.700466633 -6.558413982 0.8425192833
5.287822723 -8.255052567 -2.967229843 13.54287529
-3.44103241 -6.440219402 -9.881252289 2.999186993
-9.347574234 -9.077319145 -18.42489243 -0.2702550888
-3.700610161 -7.333261013 -11.0338707 3.632650852
-2.226893902 -6.168995857 -8.395889282 3.942101955
-7.100289345 -7.82318306 -14.9234724 0.7228937149
-5.766822338 -6.868336678 -12.63515854 1.101514339
-6.151075363 -7.921037197 -14.07211304 1.769961834
-1.878153801 -6.325133324 -8.203287125 4.446979523
-3.870609283 -6.474724293 -10.3453331 2.604115009
-7.033141136 -8.62778759 -15.66092873 1.594646454
-5.39735651 -6.842233658 -12.23958969 1.444877148
0.4245271683 -8.780502319 -8.355975151 9.205029488
-9.799575806 -9.039234161 -18.83880997 -0.7603416443
-0.6714878082 -8.906975746 -9.578463554 8.235487938
-6.376968384 -3.825953007 -10.20292091 -2.551015377
-7.336219311 -0.9982891083 -8.334508896 -6.337930202
3.33486557 -7.074570656 -3.739705086 10.40943623
-9.826270103 -6.244230747 -16.07050133 -3.582039356
-6.642813683 -7.952417374 -14.59523106 1.309603691
-9.940925598 -4.420763969 -14.36168957 -5.520161629
6.544174194 -4.544724464 1.99944973 11.08889866
0.5290269852 -6.583795547 -6.054768562 7.112822533
5.775276184 -0.1237735748 5.651502609 5.899049759
-7.09756422 -9.227655411 -16.32522011 2.13009119
-4.188715935 -0.5289325714 -4.717648506 -3.659783363
-7.172156334 -6.934970856 -14.10712719 -0.2371854782
4.449201584 -7.330160618 -2.880959034 11.77936172
-5.383219719 -4.068652153 -9.451871872 -1.314567566
-4.765669823 -8.216386795 -12.98205662 3.450716972
-8.583446503 -6.401143551 -14.98459053 -2.182302952
9.203079224 -9.842748642 -0.6396694183 19.04582787
-7.996547699 -7.423381805 -15.4199295 -0.5731658936
-0.8304710388 -9.059518814 -9.889989853 8.229047775
-8.202188492 -8.568504333 -16.77069283 0.3663158417
-7.037295818 -8.382139206 -15.4194355 1.344843388
-4.649506092 -8.553344727 -13.20285034 3.903838634
-7.398341656 0.4504375458 -6.94790411 -7.848779202
9.797109604 -9.611254692 0.1858549118 19.40836334
4.79758358 -8.144893646 -3.347310066 12.94247723
-7.059028625 -2.469426155 -9.528454781 -4.58960247
-9.438717842 -6.214929581 -15.65364742 -3.223788261
-3.020625591 -6.245815277 -9.266441345 3.225189686
-9.649759293 -3.406280994 -13.05603981 -6.243478298
-6.498777866 -5.155058861 -11.6538372 -1.343719006
-9.892953873 3.242424011 -6.650529861 -13.13537788
-9.567128181 -6.04604435 -15.61317253 -3.521083832
7.91610527 3.315529823 11.23163509 4.600575447
-1.18924427 -7.57224369 -8.761487961 6.38299942
-5.711400032 -9.93888855 -15.65028858 4.227488518
-7.028098106 0.2769470215 -6.751151085 -7.305045128
-4.850745201 0.4450035095 -4.405741692 -5.295748711
-7.837220192 -9.228967667 -17.06618881 1.391747475
-3.380042076 -7.93504715 -11.31508923 4.555005074
-2.936908722 -7.644999504 -10.58190823 4.708090782
-9.804840088 -8.511507034 -18.31634712 -1.293333054
-5.897742748 3.816623688 -2.081119061 -9.714366913
3.748970985 -2.805027008 0.9439439774 6.553997993
-2.097106457 2.306562424 0.2094559669 -4.40366888
-8.805940628 0.2005634308 -8.605377197 -9.006504059
-7.179405689 -3.505048275 -10.68445396 -3.674357414
-8.76106739 -9.988212585 -18.74927902 1.227145195
-4.371132851 -9.645943642 -14.01707649 5.274810791
7.503736496 7.858011246 15.36174774 -0.3542747498
-7.598988056 -6.230307102 -13.82929516 -1.368680954
-5.756768703 -9.326233864 -15.08300209 3.56946516
-7.994033337 -7.650559425 -15.64459229 -0.3434739113
-2.046703815 -9.147326469 -11.19403076 7.100622654
-7.766504288 -5.609759808 -13.37626457 -2.15674448
6.172306061 -6.352457047 -0.1801509857 12.52476311
-6.285357475 -5.985485554 -12.27084351 -0.2998719215
-4.767468452 -7.425125122 -12.19259357 2.65765667
-9.49296093 -7.600316525 -17.09327698 -1.892644405
-2.811515808 -1.640607834 -4.452123642 -1.170907974
-5.300294876 -6.518313408 -11.81860828 1.218018532
-8.786523819 -9.812413216 -18.59893799 1.025889397
6.633989334 -9.394781113 -2.760791779 16.02877045
-9.87115097 5.095438957 -4.775712013 -14.96658993
-9.839104652 0.1357727051 -9.703331947 -9.974877357
-9.263231277 5.588314056 -3.674917221 -14.85154533
-5.75600338 -7.969535351 -13.72553825 2.213531971
-6.311748505 -8.556083679 -14.86783218 2.244335175
1.633601189 -4.412401199 -2.778800011 6.046002388
-3.362362385 -1.328585625 -4.690948009 -2.03377676
2.577967644 -5.41720295 -2.839235306 7.995170593
-4.804899693 3.090589523 -1.714310169 -7.895489216
-9.173672676 5.897902489 -3.275770187 -15.07157516
-8.53737545 -9.017522812 -17.55489731 0.4801473618
-4.987761974 -6.936718941 -11.92448044 1.948956966
-8.081048012 5.717857361 -2.363190651 -13.79890537
1.065372467 -5.576076984 -4.510704517 6.641449451
-5.03501606 -9.110048294 -14.14506435 4.075032234
-4.090864658 0.01909637451 -4.071768284 -4.109961033
-9.35278511 -8.836176872 -18.18896103 -0.5166082382
3.063131332 -8.101086617 -5.037955284 11.16421795
-6.311589718 9.415697098 3.10410738 -15.72728729
-9.598041534 -9.98859787 -19.5866394 0.3905563354
-7.521956444 -7.514175892 -15.03613281 -0.00778055191
-9.445290565 6.508756638 -2.936533928 -15.9540472
-8.426130295 2.919739723 -5.506390572 -11.34587002
-7.81682682 -8.980849266 -16.79767609 1.164022446
5.951148033 -2.686199188 3.264948845 8.637347221
-7.372110367 -5.965610504 -13.33772087 -1.406499863
9.120607376 -8.436674118 0.6839332581 17.55728149
-5.056753635 -7.969099998 -13.02585411 2.912346363
-9.993048668 -1.720074654 -11.71312332 -8.272974014
-9.838458061 -6.592464447 -16.43092346 -3.245993614
-0.2751903534 -7.606080055 -7.881270409 7.330889702
5.045060158 -9.432764053 -4.387703896 14.47782421
-9.40018177 -8.391094208 -17.79127502 -1.009087563
-6.536472797 -3.931043148 -10.46751595 -2.605429649
4.58262825 3.080306053 7.662934303 1.502322197
-6.512153149 -8.9913311 -15.50348473 2.479177952
-5.200997353 7.472358704 2.271361351 -12.67335606
-5.216063499 0.6093425751 -4.606720924 -5.825406075
-1.885088921 2.368565559 0.4834766388 -4.25365448
-2.915478706 -6.73130846 -9.646787643 3.815829754
2.009950638 -6.404341698 -4.39439106 8.414292336
-6.438165665 1.696746826 -4.741418839 -8.134912491
-8.823915482 -8.308468819 -17.13238525 -0.5154466629
-4.849196434 -8.656435966 -13.5056324 3.807239532
-9.38791275 -5.966684341 -15.35459709 -3.421228409
-6.94340229 -6.710490704 -13.65389252 -0.2329115868
-3.273940563 -8.387145042 -11.66108513 5.113204479
-6.016218662 -6.882074356 -12.89829254 0.8658556938
-5.934057713 -8.797190666 -14.73124886 2.863132954
-9.85742569 -9.087244987 -18.94467163 -0.7701807022
3.103307724 -9.938860893 -6.835553169 13.04216862
-0.6383523941 0.3400373459 -0.2983150482 -0.97838974
-8.650182724 -9.404368401 -18.05455017 0.7541856766
-7.048922539 1.212658882 -5.836263657 -8.261581421
-3.599617958 -8.615573883 -12.21519184 5.015955925
-8.878980637 -8.888681412 -17.76766205 0.009700775146
-1.105823517 -3.635933399 -4.741756916 2.530109882
-1.302117348 -8.022338867 -9.324456215 6.720221519
-8.750221252 -8.662549019 -17.41276932 -0.08767223358
2.751373291 -8.549822807 -5.798449516 11.3011961
-2.668199062 -1.605382919 -4.273581982 -1.062816143
0.9553670883 5.922740936 6.878108025 -4.967373848
-9.642328262 -4.032690048 -13.67501831 -5.609638214
-7.127353668 -3.500963211 -10.62831688 -3.626390457
-4.190237999 3.719297409 -0.4709405899 -7.909535408
1.565452576 -8.189912796 -6.62446022 9.755365372
-9.263072014 -9.952142715 -19.21521378 0.6890707016
-8.046024323 -3.918923378 -11.9649477 -4.127100945
-6.843299866 -7.549902916 -14.39320278 0.7066030502
-5.271576881 -6.827115059 -12.09869194 1.555538177
-4.530205727 -8.580499649 -13.11070538 4.050293922
-7.231884003 -8.415944099 -15.6478281 1.184060097
-3.339755058 -2.415378571 -5.755133629 -0.9243764877
-9.995718002 -8.158306122 -18.15402412 -1.83741188
-9.670186996 -3.19853735 -12.86872482 -6.471649647
8.134170532 -7.482500553 0.6516699791 15.61667061
-8.901711464 -6.19919014 -15.1009016 -2.702521324
-4.414573193 -4.279412746 -8.693985939 -0.1351604462
-0.6902761459 -7.127966881 -7.818243027 6.437690735
5.460617065 7.4010849 12.86170197 -1.940467834
-5.616428375 -7.234377384 -12.85080528 1.617949009
0.4804039001 -7.447319031 -6.966915131 7.927722931
-5.433813095 -5.946500778 -11.38031387 0.5126876831
-7.511369705 2.615586281 -4.895783424 -10.12695599
-9.189033508 -9.535663605 -18.72469711 0.3466300964
3.565393448 -5.634966373 -2.069572926 9.200359344
-8.408776283 -5.459181786 -13.86795807 -2.949594498
-2.840340137 -9.437633514 -12.27797318 6.597293377
-5.74339819 -9.227455139 -14.97085381 3.48405695
-7.035881996 -1.688142776 -8.724024773 -5.34773922
3.020401001 -2.91071701 0.1096839905 5.931118011
-5.863720894 -6.512095451 -12.37581635 0.6483745575
-8.084384918 -1.553409576 -9.637794495 -6.530975342
4.169570923 -8.408190727 -4.238619804 12.57776165
-1.888770103 -7.067691803 -8.956461906 5.1789217
-0.6456689835 -8.658625603 -9.304294586 8.012956619
8.474351883 -5.502830982 2.971520901 13.97718239
-9.504897118 -5.295129776 -14.80002689 -4.209767342
9.112693787 0.2361316681 9.348825455 8.876562119
-9.032224655 -7.717505932 -16.74973106 -1.314718723
-4.274204254 5.377669334 1.10346508 -9.651873589
-4.668945312 -5.617576599 -10.28652191 0.9486312866
-7.845639229 -8.208070755 -16.05371094 0.3624315262
8.172948837 -3.43451786 4.738430977 11.6074667
-8.31672287 -5.956071854 -14.27279472 -2.360651016
-9.646450043 0.444735527 -9.201714516 -10.09118557
-9.282917976 -8.944578171 -18.2274971 -0.3383398056
-8.654718399 -6.881682396 -15.53640079 -1.773036003
-4.780210495 -7.097641945 -11.87785244 2.31743145
-7.0623312 -4.877581596 -11.9399128 -2.184749603
-9.456681252 -6.970302105 -16.42698288 -2.486379147
-3.463325024 -9.646118164 -13.10944366 6.18279314
-7.717708588 -9.016706467 -16.73441505 1.298997879
4.855182648 -9.615478516 -4.760295868 14.47066116
-2.377316475 -7.180474281 -9.557790756 4.803157806
-8.07837677 -9.010481834 -17.08885956 0.9321050644
-1.459357262 -3.04934597 -4.508703232 1.589988708
6.227981567 5.234106064 11.46208763 0.9938755035
8.564861298 -2.406749249 6.158112049 10.97161102
-8.089561462 -8.30464077 -16.39420319 0.2150793076
-7.087789536 -9.544594765 -16.63238525 2.456805229
-9.008904457 -9.526366234 -18.53527069 0.5174617767
-5.080350876 -9.693266869 -14.77361774 4.612915993
-5.668048382 -8.839353561 -14.50740242 3.17130518
-2.310442924 -6.709008694 -9.019451141 4.398565769
-8.384951591 -9.918509483 -18.30346107 1.533557892
-9.852420807 -8.305815697 -18.15823746 -1.54660511
-9.073083878 -6.298270226 -15.3713541 -2.774813652
-1.613916397 -6.198702812 -7.812619209 4.584786415
-3.377386093 -5.477620125 -8.855006218 2.100234032
-5.738367081 -8.888127327 -14.62649441 3.149760246
-0.8726005554 -5.297485828 -6.170086384 4.424885273
4.164163589 -8.700939178 -4.536775589 12.86510277
8.881046295 -3.789630413 5.091415882 12.67067719
-9.659258842 -9.26230526 -18.9215641 -0.3969535828
-9.708580017 -8.615816116 -18.32439613 -1.092763901
-0.4920158386 -9.627727509 -10.11974335 9.13571167
-5.717348576 -5.930015564 -11.64736366 0.2126669884
-9.303804398 -9.991511345 -19.29531479 0.6877069473
-4.997725487 0.2260379791 -4.771687508 -5.223763466
4.375490189 -8.062175751 -3.686685562 12.43766594
-6.3029809 -9.678336143 -15.98131752 3.375355244
-3.807484627 -9.495582581 -13.30306721 5.688097954
-8.781427383 -9.919198036 -18.70062637 1.137770653
-4.340572834 -7.837818146 -12.1783905 3.497245312
-8.035370827 -9.709839821 -17.74521065 1.674468994
-9.864415169 -9.852341652 -19.71675682 -0.01207351685
-7.29406023 -5.952291965 -13.2463522 -1.341768265
-9.738319397 1.326089859 -8.412229538 -11.06440926
-8.492528915 2.491911888 -6.000617027 -10.9844408
-7.855373383 -9.929391861 -17.78476524 2.074018478
-7.845457554 1.096224785 -6.749232769 -8.941682816
-7.58110714 9.512577057 1.931469917 -17.09368515
-9.555225372 3.16750145 -6.387723923 -12.72272682
-3.636193275 -6.663322926 -10.29951668 3.02712965
-8.36299324 -7.122282028 -15.48527527 -1.240711212
-8.382824898 -8.470233917 -16.85305786 0.08740901947
-9.566947937 -8.405735016 -17.97268295 -1.161212921
-6.620364189 -6.982631683 -13.60299587 0.3622674942
9.966432571 -2.314528465 7.651904106 12.28096104
-7.609842777 -3.243733406 -10.85357666 -4.366109371
4.083785057 -9.663255692 -5.579470634 13.74704075
-9.491082191 -8.081375122 -17.57245636 -1.409707069
-5.635820389 -7.213681698 -12.84950256 1.577861309
-7.336541176 -3.643253326 -10.9797945 -3.693287849
-4.580611706 -6.653358459 -11.23397064 2.072746754
3.457349777 3.468982697 6.926332474 -0.01163291931
-9.491819382 0.8321228027 -8.659696579 -10.32394218
4.249166489 -8.218336105 -3.969169617 12.46750259
-9.910708427 1.13920784 -8.771500587 -11.04991627
-5.441111565 -2.901867867 -8.342979431 -2.539243698
-6.069779396 -9.502932549 -15.57271194 3.433153152
-6.412128448 -8.656387329 -15.06851578 2.244258881
-5.967412472 0.3882656097 -5.579146862 -6.355678082
-7.515979767 -9.124523163 -16.64050293 1.608543396
-9.446500778 9.640584946 0.1940841675 -19.08708572
-0.8363075256 -5.399572849 -6.235880375 4.563265324
-7.147636414 6.739486694 -0.4081497192 -13.88712311
-6.909080982 -9.377860069 -16.28694153 2.468779087
-0.7328290939 3.439529419 2.706700325 -4.172358513
-4.086349487 -3.461718559 -7.548068047 -0.624630928
-5.641117096 -4.812508106 -10.45362473 -0.8286089897
-9.525860786 -8.841814041 -18.36767578 -0.6840467453
-5.998217106 -2.552947521 -8.551164627 -3.445269585
-5.185811043 -8.402405739 -13.58821678 3.216594696
-5.435341835 -4.720755577 -10.15609741 -0.7145862579
-6.459017754 -2.763228416 -9.22224617 -3.695789337
-9.189271927 -8.095730782 -17.28500366 -1.093541145
-9.729635239 -2.880609512 -12.61024475 -6.849025726
6.957679749 -4.436239243 2.521440506 11.39391899
5.512680054 -9.329855919 -3.817175865 14.84253597
-5.658596992 -0.07727718353 -5.735874176 -5.581319809
-8.005516052 3.353366852 -4.6521492 -11.3588829
-1.512226105 -7.982796669 -9.495022774 6.470570564
-6.43117857 -8.973236084 -15.40441513 2.542057514
4.312433243 -7.954502583 -3.64206934 12.26693535
-5.910997868 -4.644592285 -10.55558968 -1.266405582
-9.308170319 -2.509828568 -11.81799889 -6.798341751
-6.927527905 -0.172785759 -7.100313663 -6.754742146
-8.595864296 -7.518612862 -16.11447716 -1.077251434
-5.938119411 -9.710896492 -15.64901543 3.772777081
-5.77130127 0.3269615173 -5.444339752 -6.098262787
0.09311294556 -9.553057671 -9.459944725 9.646170616
-3.815865517 -8.066741943 -11.88260746 4.250876427
-9.221076965 -7.188516617 -16.40959358 -2.032560349
-7.656061172 -6.934661865 -14.59072304 -0.7213993073
-9.886051178 -2.08342123 -11.96947289 -7.802629948
-7.52779007 -5.387547493 -12.91533756 -2.140242577
-3.45830822 -3.181035519 -6.639343739 -0.2772727013
1.099289894 -9.718967438 -8.619677544 10.81825733
-4.493313789 -6.599187851 -11.09250164 2.105874062
-9.9926548 6.633117676 -3.359537125 -16.62577248
-4.689383984 -9.27603054 -13.96541405 4.586646557
-2.717705727 -7.177789688 -9.895495415 4.460083961
0.3698234558 -9.881790161 -9.511966705 10.25161362
-8.837444305 -7.935955048 -16.77339935 -0.9014892578
-7.406430721 -2.261175156 -9.667606354 -5.145255566
-1.814790726 -1.596263885 -3.411054611 -0.2185268402
-9.194077492 -8.28927803 -17.48335648 -0.9047994614
2.732038498 -8.560275078 -5.82823658 11.29231358
-7.63460207 -0.8817739487 -8.516376495 -6.752828121
-6.555912018 -8.489429474 -15.04534149 1.933517456
-7.427502155 -9.966345787 -17.39384842 2.538843632
-6.393002987 -8.146266937 -14.5392704 1.75326395
-9.062965393 -9.484506607 -18.547472 0.421541214
-8.88479805 -8.7520504 -17.63684845 -0.1327476501
-9.195109367 4.538995743 -4.656113625 -13.73410511
0.6371040344 2.648643494 3.285747528 -2.011539459
-9.856749535 -8.033546448 -17.89029694 -1.823203087
0.09754371643 -7.487400532 -7.389856815 7.584944248
-2.502109528 -9.232028008 -11.73413754 6.72991848
-7.481390953 6.579681396 -0.9017095566 -14.06107235
-3.46003294 -7.191140652 -10.65117359 3.731107712
-1.907287598 0.5408906937 -1.366396904 -2.448178291
6.002433777 -5.71836853 0.2840652466 11.72080231
