0.1000000015 0.1000000015 100
1.514285803 0.8071429133 0.818166554
2.928571463 1.514285803 0.2254946977
4.342856884 2.221428394 0.1036554575
5.757143021 2.928571463 0.05931125954
7.171428204 3.635714054 0.0383534655
8.58571434 4.342856884 0.02681933716
10 5.049999714 0.01980198175
0.1000000015 0.1000000015 100
1.514285803 0.1000000015 6.603773117
0.1000000015 1.514285803 6.603773117
4.342856884 0.1000000015 2.302631617
0.1000000015 2.928571463 3.414633989
7.171428204 0.1000000015 1.394422293
0.1000000015 4.342856884 2.302631617
10 0.1000000015 1
0.1000000015 0.1000000015 100
0.8071429133 1.514285803 0.818166554
1.514285803 2.928571463 0.2254946977
2.221428394 4.342856884 0.1036554575
2.928571463 5.757143021 0.05931126326
3.635714054 7.171428204 0.0383534655
4.342856884 8.58571434 0.02681933716
5.049999714 10 0.01980198175
0.1000000015 0.1000000015 100
0.8071429133 0.1000000015 12.3893795
0.1000000015 2.928571463 3.414633989
2.221428394 0.1000000015 4.501607895
0.1000000015 5.757143021 1.73697269
3.635714054 0.1000000015 2.750491142
0.1000000015 8.58571434 1.164725423
5.049999714 0.1000000015 1.980198145
1.932312489 4.068824291 0.1271902174
0.7273818254 1.363485456 1.008293629
2.95670104 5.509130955 0.06139167771
2.740847111 1.890235424 0.1930186599
2.013785124 1.852147698 0.2681089342
0.8904601336 0.342178762 3.281953812
2.594448805 1.881350636 0.2048732042
1.265356421 1.582944632 0.4992538393
5.672781944 3.830882072 0.04601560161
1.889457703 1.550189376 0.3414114416
1.252561212 2.91573 0.2738128006
2.386942387 1.524541616 0.2748013139
2.462943316 8.159970284 0.04975732416
3.795778275 1.791406155 0.1470635682
4.372223854 4.210729599 0.05431756377
4.999287605 4.862115383 0.04114022106
1.32895112 7.643106461 0.09845121205
3.311151743 4.440557957 0.06801166385
2.048957825 1.387180924 0.3518308103
2.366783857 0.772200346 0.5471563339
2.880972624 4.140756607 0.08382646739
8.509456635 2.513794661 0.04674857482
1.229365706 5.956316948 0.1365655363
8.455558777 2.370920897 0.04988162965
5.066904068 5.368229389 0.03676429763
2.464307547 2.394207001 0.1694897413
0.441570729 1.998905182 1.132941604
4.025457382 8.961942673 0.02771932259
9.778571129 0.3966417313 0.2578256726
8.563452721 1.641979814 0.07111861557
1.132132173 3.835608482 0.2302865684
2.008016109 0.1002099365 4.9696064
0.8859841824 7.453560352 0.1514294147
1.465196013 0.3612030447 1.88952601
0.6277908087 1.599573374 0.9958201051
0.4674646258 6.126302719 0.3491827548
0.3966250122 2.651434898 0.9509089589
0.8808889389 0.2594916224 4.374772549
3.966798067 1.483976841 0.1698762923
0.6133190989 0.7619640827 2.139828682
0.4730294645 2.399521112 0.8810229897
3.80897069 3.688030958 0.07118652761
3.788754463 2.279649019 0.1157805398
1.646366715 0.2853853703 2.128343582
0.6245481968 2.137168646 0.7491956353
4.535002708 1.830384493 0.1204703376
2.65376687 3.119943619 0.1207787395
1.619900942 1.773211837 0.3481375873
1.342635036 0.4946605563 1.505687118
5.225070953 4.469747066 0.04281784967
3.878459215 2.954073906 0.08728093654
1.74289465 3.685531855 0.1556785107
4.610093117 1.875673413 0.1156466529
0.7728914022 0.3252903819 3.977500916
2.354783773 0.3037780225 1.397953153
2.654143095 3.303784847 0.1140417531
2.774759531 7.717272758 0.04669934511
2.081785679 1.586274028 0.3028208315
2.250832319 0.4084381461 1.087753654
0.3102357984 0.1023239419 31.50147057
4.313828468 1.493067622 0.1552593112
2.1862607 1.569831133 0.2913701832
3.027615309 0.5333881974 0.6192355752
2.548597336 2.978434801 0.1317378879
2.433050632 0.8530207276 0.4818249345
7.098179817 1.21042037 0.1163902953
1.275233269 0.2112870812 3.711397171
5.233397484 1.297791958 0.1472350508
2.143927574 0.4203543663 1.109620094
2.488414526 3.722276688 0.1079614237
1.946071386 0.2077745795 2.473140717
1.054097652 0.4006731212 2.367712498
0.298442632 0.7794873714 4.298629761
1.695885301 1.445526838 0.4079222083
0.5757895708 1.399664402 1.240830064
1.504609704 2.539800644 0.2616836131
0.8759094477 0.7324495912 1.558701873
3.070549488 0.389472872 0.8361932635
2.382401466 1.356778264 0.3093685806
9.601089478 1.620652556 0.06426722556
0.8574857712 1.592116117 0.7324843407
6.705884933 2.910619974 0.05123401433
1.819667816 2.346699715 0.2341803014
6.69690609 1.071882248 0.1393088549
3.453809261 2.192951202 0.1320300102
2.103370428 7.632213593 0.06229220703
5.421909809 7.210993767 0.02557717636
4.276649952 2.058240652 0.1136057079
0.2377077043 0.4214802682 9.981124878
3.007330656 2.490096807 0.1335373074
2.709885836 2.899058819 0.127289325
0.3362658024 7.818356037 0.3803661466
2.284161091 0.8210360408 0.5332256556
1.810232759 1.488269329 0.3711795509
2.098804951 2.083202839 0.2287158966
1.393074036 3.684633255 0.1948190928
4.650933743 0.741217494 0.2900775969
4.578305721 5.240047455 0.04168310016
5.424720287 0.3937586248 0.4681581259
3.761410475 0.2512116134 1.058301926
1.697444916 2.349937677 0.2506963313
7.474263668 0.4879971743 0.274166435
1.377554297 7.111914635 0.1020715535
1.217425346 0.3276716769 2.506794691
0.7438169718 1.061875582 1.266077399
0.7630783916 2.629529476 0.4983710349
2.148578167 6.074503899 0.07661926746
3.629446745 2.687139511 0.1025343388
2.236661434 0.4285777807 1.043206096
9.865269661 6.201797962 0.0163445659
0.6003406048 1.032603741 1.613127112
1.88019383 1.341192126 0.3965576887
0.4491595626 7.885137558 0.2823514938
1.213630915 0.6347200274 1.298168778
1.650192022 2.997082949 0.2021933049
2.678858757 2.569087267 0.1453019083
8.245736122 0.6378360391 0.1901347488
2.199459076 0.3787890971 1.200291276
2.650785208 0.4756268561 0.7931568623
3.849260092 0.1338382512 1.941075683
0.4367098808 2.798105955 0.8183570504
0.2955397964 1.345045686 2.515631437
2.462720871 1.49904561 0.2708756328
1.633082628 1.857547998 0.3296490312
4.509566307 0.5109833479 0.4339687526
2.229462385 9.238321304 0.04855196178
5.66125679 2.632220507 0.06710654497
0.3294697702 1.09085381 2.782389164
1.919543505 3.976217747 0.1310182661
7.21180439 1.534341097 0.09037204832
1.038748264 0.6149557829 1.565473795
1.265874147 3.01136446 0.2623289227
3.072826147 2.142134428 0.15192011
0.2867718339 0.5398469567 6.459409714
0.4346806407 0.7999007106 2.876031399
0.9676707387 1.804133058 0.5728010535
2.716420174 0.1434457004 2.566347837
1.043028116 2.430823326 0.3944124281
3.006345272 2.216350794 0.1500799358
2.489079952 0.9469952583 0.4242417216
2.201780319 0.238879174 1.901287198
1.672563314 1.765164375 0.3387133479
4.948463917 1.855600595 0.108904317
1.030153036 2.278846502 0.425974071
0.9723872542 2.020612717 0.5089529753
2.958320141 4.857781887 0.06958518922
1.270202518 1.746643543 0.4507365227
1.9120574 2.088498354 0.2504176497
0.8325936794 9.673418999 0.1241614819
3.107104778 4.638214588 0.06938942522
0.6385292411 5.103515625 0.3068667054
1.01649034 2.045641184 0.4809138477
2.433259726 7.586750507 0.05416961387
1.876493454 6.801914692 0.07834688574
1.33403635 0.3554824591 2.108696938
5.222919464 8.57747364 0.02232170105
2.291060209 0.8700735569 0.501657784
0.2335453629 0.5349189043 8.004622459
1.129261255 1.503309965 0.5890566111
1.085580707 2.819885731 0.3266678154
5.877803802 2.133850574 0.07972984761
5.036128998 2.400777102 0.08270872384
0.1385359615 0.2970108986 24.30329132
1.842416644 3.021499157 0.1796344668
0.1672282517 0.1037254855 57.65073776
3.574249506 6.48289299 0.04315650836
4.888405323 4.220664501 0.04846765101
3.729398489 8.399703026 0.03192252666
0.2060520351 5.062758446 0.9585966468
0.3504127562 6.255810261 0.4561803043
1.582601905 1.007823586 0.6269657612
6.259468079 3.350714922 0.04767877609
1.376922846 3.720186949 0.1952205896
0.414598912 0.1884483397 12.79910278
3.663291216 1.302381396 0.2095995694
4.158844471 4.581320286 0.05248517916
2.25789237 5.378859997 0.08233917505
5.619151592 0.961322844 0.1851228327
1.865589023 0.4045263529 1.325065017
0.4491271675 0.6299224496 3.534626961
1.23671937 0.6299472451 1.283585072
0.1823678911 6.040633678 0.907755971
1.852898359 2.686338186 0.2009036094
4.626977921 6.201282024 0.0348514691
0.4023712575 1.406881213 1.766507983
5.902288437 1.652862906 0.1025044546
2.09102869 5.575131893 0.08577976376
0.5581254959 2.432595015 0.7365433574
2.919400454 0.3669615984 0.9334385395
2.193310261 0.7705511451 0.5916957855
0.4087696075 1.384879112 1.766483307
0.8131100535 0.1982238591 6.204327583
0.9694241881 1.919508696 0.5373980403
4.575469494 1.839584112 0.1188077256
8.399705887 1.661955476 0.071633555
2.739164591 4.974385738 0.07339093089
4.40917635 1.229161501 0.1845158041
1.692609906 3.613886595 0.1634814888
1.116927981 2.05401659 0.4358839393
1.261992693 0.8144373894 0.9729386568
1.05813086 2.149833441 0.4395981133
2.546487093 6.007380962 0.06536922604
0.3667714 1.921073914 1.419255018
1.099383354 2.383302927 0.381655544
2.878066778 0.8442709446 0.4115449488
3.021049023 2.211989641 0.1496439427
0.568759203 9.235625267 0.1903729588
6.7064147 1.894942522 0.07868891954
2.504582882 2.081231356 0.1918422431
6.305415154 4.604894638 0.03444027528
8.240341187 1.309447169 0.09267590195
0.5920765996 2.340190649 0.7217235565
1.231477737 1.059056044 0.7667512298
1.489313841 1.975991607 0.3398041427
1.596313715 0.1301971376 4.811498165
0.9577926397 0.8410381675 1.241403103
1.534614086 2.13578558 0.3051006794
0.8758377433 0.5701604486 2.002531052
2.225269794 3.572124481 0.1258029193
1.167164922 7.052363396 0.1214879155
8.316450119 1.431549907 0.08399540186
1.939308405 1.343040347 0.3839406371
1.839196801 2.184982777 0.2488420457
0.1361268312 0.6210632324 11.82824898
3.636850357 7.146358967 0.03847598657
3.0765481 0.9681102037 0.3357465267
4.201231956 4.962804317 0.04796187952
4.088953018 0.549112618 0.4453756511
1.199141026 1.04305315 0.7995088696
2.181698322 2.576938152 0.1778694391
1.636685967 3.398566484 0.1797789633
0.6703900099 0.7070320249 2.109761715
3.206936121 2.834722042 0.1100016534
1.100841403 7.86948061 0.115432784
4.530615807 2.834061623 0.07788135111
3.613676548 3.062639475 0.09035555273
3.779914856 3.032972336 0.08722671866
8.326651573 1.059332371 0.1133698002
2.621364832 1.273297191 0.2996006608
1.747488499 3.030109882 0.1888544858
0.7632092237 0.4843758345 2.705041409
5.826877594 2.623526335 0.06541520357
0.1011492237 1.278446555 7.733121872
1.11157155 0.4195976555 2.144023418
1.539681673 0.1766063869 3.677584171
1.636412144 1.728037119 0.3536341786
2.80469656 8.260248184 0.04316393659
3.327710867 3.938982964 0.07629048079
2.136902332 2.071968555 0.2258562744
1.629607558 2.642599821 0.2322124839
1.033312321 5.235838413 0.1848341227
1.236698508 0.5521379709 1.464497209
2.415211678 1.426969647 0.2901549935
2.932489157 2.550084352 0.1337238997
6.706110001 8.07786274 0.01846004836
2.286474705 1.54356873 0.2833398283
2.159209013 2.976622105 0.1555899829
1.841070652 1.542495131 0.3521322012
5.168347359 3.911815405 0.04946180433
0.7468765974 2.506268501 0.5342242122
1.759534359 0.5154231787 1.102651596
1.915293217 1.877351284 0.2781116366
4.754716396 3.801085234 0.05533090606
3.937089682 3.864368916 0.0657273531
0.2723560035 0.7255781293 5.060330391
0.6578333378 2.101257563 0.7234438658
0.1691120565 1.169564128 5.055933952
2.924957752 2.451411963 0.1394646317
0.9978231192 0.8150210977 1.229638934
0.3850618601 6.29461956 0.4125722349
5.956562519 0.2086629272 0.8045610189
1.855875731 6.698938847 0.08043500781
0.1458986253 1.331778526 5.146556854
6.050220013 2.047489405 0.0807248354
3.975244284 2.476555824 0.1015752852
2.651053429 1.31065011 0.2878026068
0.4865675569 3.37894845 0.6082404256
4.290527344 1.384502649 0.1683431864
1.656031728 1.32469523 0.455843091
0.1543365717 5.078828812 1.275755882
9.955200195 0.3320837617 0.3024839759
4.782195568 2.024489641 0.1032897234
3.669309616 2.513983011 0.1084059924
1.835308433 1.553806782 0.3506661952
0.2091136873 1.507806301 3.171553135
7.604414463 0.8328714967 0.157890588
7.433404922 1.458861589 0.09221426398
8.692667007 3.995512962 0.02879217081
1.214295149 3.05682683 0.2694045305
5.639343739 1.280890703 0.1384392828
1.256169915 2.373590708 0.3353866637
7.16431427 6.719640732 0.02077204734
0.7268202305 9.256762505 0.1486325264
3.538494825 3.47867465 0.08123957366
4.017512798 9.122291565 0.02728593163
7.313171864 0.4506209493 0.3034469783
0.5056526661 0.5903006196 3.350228786
6.116971493 6.588367462 0.02481336892
2.10760498 3.18912077 0.148778379
4.931109428 3.65871954 0.05542762205
3.645380974 0.7062744498 0.3884038925
4.191757679 2.465090036 0.09677675366
2.348949194 0.7947531343 0.5356660485
2.808795691 1.741594791 0.2044243962
7.558901787 6.276639938 0.02107725851
1.135054946 1.696283579 0.5193793178
6.56349659 1.962640762 0.07762898505
3.44871521 4.553979874 0.06367245317
6.659028053 8.959293365 0.01676159725
6.711338997 0.8315470219 0.1791859865
7.492736816 3.478035688 0.03837297484
3.755071163 8.162195206 0.03262683004
4.088553905 0.6622207165 0.369340986
0.433755666 0.2246260941 10.26348019
1.368928075 1.620573044 0.4507655799
8.904198647 1.691124916 0.06640938669
1.400354743 0.9686697125 0.7372015119
1.011380553 8.911072731 0.1109571755
0.1823561788 1.414740801 3.876168489
4.888510704 0.6439803839 0.3176514208
1.578077674 0.7215451598 0.8782296777
2.408208132 2.162595749 0.1920129955
7.876485348 9.439997673 0.01344917435
0.4925681353 7.559004307 0.2685771585
3.737393618 1.810548186 0.147781834
1.709157705 2.881448269 0.2030518949
8.772227287 2.65101409 0.04300095513
5.051813602 1.194999218 0.1656475663
1.080919266 0.7194266915 1.285938501
0.6702696085 0.5238832235 2.847842455
0.5527212024 3.30091548 0.5480995774
0.4646780193 2.885909319 0.7457018495
3.585439682 3.626094818 0.07691629976
0.1236914918 1.716531992 4.709862709
2.719901562 8.260670662 0.04450732842
1.342929244 3.18632865 0.2336987108
2.961606979 0.133470431 2.529807806
0.3362847567 2.24061656 1.32716608
0.711053133 0.6124316454 2.296361923
6.742713928 0.3378761709 0.4389425516
1.898970127 0.4779042602 1.101897001
1.788844466 1.863185287 0.3000346124
4.702243328 0.2593291402 0.8200561404
3.387622595 2.985517979 0.0988747254
2.041075706 0.9380415082 0.5222985744
4.636171341 0.3825902641 0.5637760162
5.931050777 0.5220438838 0.322969377
2.525102615 6.521262169 0.06072804704
0.9633069038 5.721135616 0.1814483702
1.949927568 2.910151482 0.1762243509
0.7099315524 5.279593945 0.2667982578
1.758617043 5.006174564 0.1135854572
1.943598986 1.347328901 0.3818736672
6.128875732 1.301641703 0.125350982
0.381930083 3.52769208 0.742207706
0.9576043487 1.288820148 0.8102547526
0.4434858263 6.87447834 0.3280050457
1.144808769 1.09636879 0.7967285514
1.645748734 2.043671131 0.2973209023
7.706531525 1.488634467 0.08716717362
0.7868139148 1.196614861 1.062119961
1.557202697 8.58258152 0.07482331246
9.060409546 0.6218063831 0.1774994433
1.822138429 0.3816422522 1.438010931
0.5413153172 1.165857196 1.584544063
4.51015377 5.25131464 0.04222217575
1.318034053 0.4479967952 1.69355166
2.17676115 0.4905920625 0.9364157319
0.2711893916 0.8602404594 4.286545753
5.327720642 1.321260691 0.1420594156
2.526645899 3.715451002 0.1065231636
3.172169685 1.126721263 0.279786706
5.474313259 0.6864882112 0.2660953403
5.120164871 2.048335791 0.09534873068
3.590056419 3.047616959 0.09139835089
0.228009671 9.599627495 0.4568696916
0.6650375128 4.519107819 0.3327370584
2.496922255 2.770678997 0.1445468962
1.702679515 0.3074148297 1.910479069
1.422505856 2.090990305 0.3361970782
1.766377568 0.2600105405 2.177336454
1.028971672 2.765487194 0.3514187634
7.515958309 0.5784272552 0.230020687
4.515379429 1.786464214 0.1239685267
0.8632426262 1.793601155 0.6458642483
3.272418499 1.991349459 0.1534559429
0.8927676678 1.22638762 0.9133427739
2.496458292 0.4903960228 0.8168244958
2.083516836 1.090403795 0.4401651323
1.234172344 1.633403301 0.4960560501
1.089196444 0.1943486333 4.724026203
3.146430492 2.54714179 0.1247753277
1.706852674 5.23786068 0.1118536144
5.36992979 6.418159008 0.02901489101
0.797494173 1.142179132 1.097838044
3.317498446 2.774873495 0.1086290777
3.756186724 0.7300398946 0.3646752238
0.6914803982 1.299481869 1.112884045
2.459209204 3.181445837 0.1278144568
1.171935081 4.733132839 0.1802800894
5.834024429 5.628855228 0.0304517094
3.129315615 5.348488331 0.05974747613
0.6580828428 1.231303811 1.234110951
0.2331397831 5.89809227 0.7272304296
0.4192339778 1.20499599 1.979511023
2.017232418 9.724145889 0.05097915232
5.059479237 1.549705863 0.1275395602
0.3033643961 0.7116543651 4.631975651
3.534187794 1.611403465 0.1755925417
3.172677517 6.251385212 0.05041941255
0.2534264624 0.5257180333 7.505768299
1.163456559 0.9529579282 0.9019367695
0.8276996613 7.436749458 0.1624591053
0.4158474207 0.7594168782 3.16654563
1.875786662 4.431767464 0.1202927902
2.114413738 0.8174000382 0.5785959363
2.610968113 0.8903871775 0.4301496148
1.14196384 2.784249783 0.3145136237
1.263386846 1.271698236 0.6224143505
0.5497599244 6.933325768 0.262352556
1.411312699 0.3761106133 1.883914351
1.588804126 0.5938180685 1.059927702
0.8392344117 3.121776342 0.3816936314
2.695325613 0.6112340689 0.6069895625
1.086673379 0.8142052293 1.130230665
2.268879652 0.2775438428 1.588023543
4.715126514 1.603738308 0.1322431415
2.426424742 1.43792963 0.2866127491
1.87723875 4.453041553 0.1196255013
0.7805031538 0.8582575321 1.492820978
1.515586853 0.4665777087 1.414149046
2.152284622 7.004364014 0.06633329391
4.571838379 0.9911490083 0.2206836641
7.424978733 4.25252533 0.03167071566
1.280955315 0.8152762055 0.957549572
1.05404377 2.054865122 0.4616980255
1.363738894 1.637409091 0.4478283525
4.027366638 1.403357744 0.1769336462
1.577843428 3.825238466 0.1656828523
0.3617340326 5.021201134 0.5505579114
0.4982872307 0.4937932789 4.064199924
2.515681744 3.291859865 0.1207543984
0.8742692471 0.9640894532 1.186417341
7.755480289 1.056293368 0.1220693812
9.672715187 1.438523889 0.0718678236
5.607984543 1.597288847 0.1116374061
0.2290964723 2.557180405 1.706947803
1.127525449 0.4135862291 2.144408703
6.469581127 2.860769987 0.05403073505
0.3309604526 0.8510575891 3.550298929
0.7312099338 3.981087685 0.3435232639
4.0804739 1.428804278 0.1715207547
3.520054817 3.057071447 0.09292765707
7.178205013 2.139895916 0.06510157883
1.03539896 4.144785881 0.2330183834
1.348496556 2.986813307 0.2482801974
2.191612959 0.493663311 0.9242836833
0.8907408118 4.024414539 0.2789625525
0.6585328579 0.2825765908 5.373860359
1.275894523 1.36588192 0.5738152266
1.60028398 0.9433450699 0.6624183655
1.727904081 8.737947464 0.06623246521
0.6453630924 2.730102777 0.5675666928
0.3515371084 0.3489371836 8.152326584
2.232419491 5.768916607 0.07764793932
1.520978689 4.157726765 0.158132419
1.706603765 1.672357798 0.35037902
1.893220782 1.050772071 0.5026783943
4.490831375 7.351894379 0.03028823622
0.48492226 8.939155579 0.2306913882
2.607704401 1.59966898 0.2397240102
0.6006479263 2.018684626 0.8247295618
0.4639775455 0.8415665627 2.561029434
1.253590226 8.305584908 0.09604486823
0.3671748936 1.595220327 1.707286358
3.130496979 3.854775667 0.08286814392
1.070942879 3.147108555 0.2967030108
1.637584686 1.766845345 0.3456190526
1.186777711 0.1467937082 5.740149021
6.104664326 2.534200907 0.06463937461
1.061718941 0.1150355488 8.187632561
2.707067251 2.086026192 0.1770847589
0.505952239 5.231550694 0.3777983487
6.400115967 4.487295628 0.03481989726
4.495402336 3.11417532 0.07143127173
1.592550039 0.8779276013 0.7152340412
1.576986909 1.770673394 0.3581240475
1.3481673 0.1915128678 3.873095751
2.035525322 0.9772518873 0.5027093887
1.851091504 5.677904129 0.09514458477
2.861123562 0.1401893795 2.493149281
2.247115374 2.304015398 0.1931475699
0.8826320171 0.4297369719 2.636438131
3.333734751 1.083016276 0.2769708037
0.2057333291 1.624337316 2.992396355
0.2768827379 0.897800386 4.022761822
1.516164303 1.266925693 0.5205981135
4.597709656 3.199940443 0.06796988845
6.496100903 4.85259676 0.0317229107
5.057917595 2.223535538 0.08891687542
4.564835072 2.568262577 0.08529733866
0.8214429021 0.6059926152 2.00888586
0.6127427816 1.733270645 0.9415760636
6.160348892 0.9746414423 0.1665519923
0.7104114294 1.044724822 1.347373962
2.275682926 0.7400146127 0.5938106179
0.1761119068 4.582166195 1.239197254
2.298070192 1.341858983 0.3242872357
1.882279038 4.23803997 0.1253576875
2.692754507 4.674175262 0.07945079356
0.9474275708 0.2826791704 3.733878374
6.625349998 0.6892022491 0.2190001905
3.009349346 3.196759701 0.1039483026
0.4097506106 2.334872246 1.045243025
1.885444403 0.646499455 0.8203857541
2.661515474 4.019295692 0.0934804976
2.592772245 1.418942928 0.2718133032
1.11514914 1.090227723 0.8225263357
0.2850391269 0.9659904242 3.631806374
1.213795066 0.9702954292 0.8490839601
0.3386338949 2.418865204 1.220837593
0.6377815604 0.3989754319 3.929903507
1.540025711 6.088514328 0.1066499576
3.242979527 5.150570869 0.05986878276
7.39138937 3.172797203 0.04264141247
0.9703794122 2.78702879 0.3697574735
1.408268094 1.609438181 0.4412049353
1.628353238 2.273568153 0.2701117098
1.849835157 0.2928112149 1.846202254
3.095257759 0.5619268417 0.5749411583
5.580373764 3.64049983 0.04922386631
0.5845139623 1.115282416 1.533982038
3.118649483 6.98674345 0.04589428753
1.16024828 0.550121367 1.566716909
3.979847431 4.283271313 0.05866215378
0.6051512361 2.307908773 0.7160072923
1.595644236 1.228125572 0.510294795
1.200850487 2.717811584 0.3064020872
3.837270975 1.230500221 0.2117853165
1.159141064 3.242455482 0.2660661936
8.832857132 6.482612133 0.0174642019
1.233179569 1.57344985 0.5153719187
5.279909134 8.777421951 0.02157777175
0.3765563071 0.2616325915 10.15028477
1.149407029 0.9594891667 0.9067469239
2.695151329 3.544063091 0.1046924591
0.5571647882 3.826496124 0.4690455794
1.950235486 1.414113879 0.3626006544
3.040861845 1.93646729 0.1698216945
2.167734146 9.578822136 0.04815949127
2.002510309 7.178361893 0.06956645846
1.56865859 2.083255768 0.3060053289
0.5264087319 2.575723886 0.7375264764
7.409225941 2.49261713 0.05414664745
0.3381894827 8.651239395 0.341791749
2.681191683 0.1191782206 3.129502058
0.6904731393 0.8696573377 1.665348172
1.185281754 9.729082108 0.08671745658
5.245678902 1.739472985 0.1095924377
7.325072765 1.459221482 0.09355496615
1.223457098 1.718318343 0.4756720364
2.885188818 9.376978874 0.03696262464
8.891158104 3.728795767 0.03016289882
2.519995451 1.101640105 0.3602139354
1.507258654 0.8426142931 0.7873781919
0.7765671611 2.006785631 0.6416822076
2.713493347 6.653584957 0.05538798124
1.529321194 9.662670135 0.06767123938
1.150867939 0.1322382689 6.570786476
2.295417786 3.346311092 0.1301882863
2.706020355 2.216577291 0.166719377
0.2360389233 8.735653877 0.4849767983
8.345381737 1.626068711 0.07369107753
1.517293811 0.8761388063 0.7522416711
1.074015617 1.248123765 0.7459878325
3.46289134 0.8955848217 0.3224441111
1.085902333 6.150845051 0.1497181505
0.1272446066 0.3104970455 25.31064034
8.175741196 1.973978162 0.06196272746
1.426337242 0.4038386643 1.736080647
2.535267591 8.48849678 0.04646708071
0.8402866125 1.106787086 1.075247645
0.4027971029 0.4912910163 5.053297043
0.290489167 0.9619343281 3.578694582
0.7880895734 0.1917185187 6.618512154
1.851759911 1.274842858 0.4236026406
0.6493685246 0.2414369881 6.37830019
2.524329185 7.276617527 0.05444079265
5.535544395 3.677622318 0.04912160337
1.31893456 3.370641232 0.2249387205
1.886248112 0.4938796759 1.073445678
4.17609024 8.261120796 0.02898619138
0.7433192134 0.919941783 1.462393641
0.5617374182 1.697651625 1.048619866
5.054050446 0.8644763827 0.2288797051
1.264991283 1.952320695 0.4049126208
0.7365419269 2.741169214 0.4952981174
1.07062602 0.5075219274 1.840379596
2.380216837 1.289873481 0.3257139325
2.703624964 4.883265972 0.07574311644
5.896908283 2.708277702 0.06261558086
8.86972332 2.948096991 0.03824266419
5.102876186 2.536179304 0.07726895064
6.186080933 4.786331654 0.03377393261
0.8303212523 0.5489753485 2.19382
0.6240874529 4.803036213 0.3336097002
1.634654284 0.5132613778 1.191888094
0.7617706656 2.043792009 0.6423016787
3.354371548 4.5064888 0.06615315378
0.5264217854 6.90199995 0.2752270997
0.7293605804 8.037187576 0.1705900133
0.4390979707 4.837943554 0.4707364142
1.510306835 1.047611833 0.6320252419
1.869512796 2.862544775 0.1868612468
2.202151299 1.0464468 0.4339460135
1.933449626 0.1224288046 4.224579811
1.309457302 8.224935532 0.09284877032
4.238381386 3.218086958 0.07331658155
3.565190792 1.518417835 0.1847251058
1.975793123 0.5438748002 0.9305925965
1.23656714 1.064110518 0.7599684596
6.397902966 2.090260267 0.07477595657
0.1499627382 0.6516424417 10.23310089
0.9532164335 3.683119774 0.2848345339
1.551183701 0.6011234522 1.072440267
2.254075766 1.142269135 0.3883855343
3.198857069 2.144925833 0.1457447261
5.555639744 0.4043468833 0.445155561
1.347865701 0.5449810028 1.361356974
4.130671501 1.975509882 0.1225462779
2.26400733 2.514595985 0.1756523401
3.152107239 5.554831028 0.05711210147
2.633190155 5.335869789 0.07117255032
1.668020844 0.1850146353 3.240353823
5.186807632 1.118836522 0.1723190248
1.831387043 6.043966293 0.09034369141
2.474684477 2.484479427 0.1626465172
0.8901416659 3.149923801 0.3566488326
0.5174307227 6.611000538 0.2923348546
5.683541298 3.262871027 0.05392387137
4.143371582 0.3800008893 0.6351283789
0.112166822 1.204623938 7.400892735
1.402519464 0.6521087885 1.093379736
3.745574474 6.222267628 0.04290746897
0.9280718565 8.04018116 0.1340147257
8.512295723 4.666798115 0.02517296001
7.900187492 0.8560181856 0.1478698403
1.060244799 1.159305573 0.8135718703
0.1519984752 2.26100421 2.909775019
0.8055906892 0.1681764424 7.381088257
5.838693619 1.873218417 0.09143151343
1.273127079 1.540886641 0.5097503662
0.9463868737 1.004891992 1.051506281
2.469779491 3.79294157 0.1067494527
5.654364109 0.9368620515 0.1887733042
2.858445644 6.5187397 0.05366688967
2.788288355 2.502425432 0.1433181465
0.6209290028 2.444099426 0.6589298844
1.426511645 1.182587028 0.5927773118
0.4940491915 2.410270691 0.8397770524
0.9456715584 0.7026208043 1.505007505
0.8001576066 0.3013456166 4.147243977
0.167684257 0.6324561238 9.429253578
1.207672596 4.869010448 0.1700630933
2.630836487 6.579560757 0.05777091533
1.643438697 0.5010824203 1.214331746
1.338041425 1.436049104 0.5204285979
2.432885408 0.1954557747 2.102954149
3.127520084 1.742053747 0.1835432202
7.112890244 3.335298538 0.04215209559
1.298068047 6.734344006 0.1143950522
2.174165487 0.1438435316 3.197548151
0.6082345843 2.007619143 0.8189314604
3.335426092 1.404189825 0.2135122865
1.364335775 1.950582027 0.3757634461
1.480045676 1.58801651 0.4254709184
2.592977047 3.08112812 0.125167504
6.893985271 0.7876936793 0.1841502488
0.8771185875 0.6558187008 1.738432646
2.344965935 0.7790110707 0.547418952
0.170036152 0.1869835109 31.45251656
0.2745070159 2.074631214 1.755923629
4.474721432 6.026891708 0.03708007559
2.290361404 1.411129475 0.3094062805
2.701871157 2.378884792 0.1555829346
1.710511565 0.6125581264 0.9543917179
4.002760887 3.310408831 0.07546728104
3.635315895 3.218268633 0.0854742974
7.667471886 0.9637490511 0.1353268176
3.346688747 1.862091422 0.1604662538
0.422950685 0.5567269325 4.246860504
3.218197584 1.42003572 0.2188204974
3.947687387 1.99634707 0.1268881857
1.535356641 1.177524447 0.5531218648
2.195422649 1.650173426 0.276027441
2.005217552 1.129086614 0.4416835606
4.120313644 1.919059038 0.1264682114
3.134048223 1.845011353 0.1729399413
1.568595171 0.7792452574 0.8181161284
2.378308296 1.663094401 0.2528220415
5.260140419 0.7036511898 0.2701750696
0.1992101967 0.5755788684 8.721347809
4.71761322 0.6410470605 0.3306646347
1.893400431 3.156152964 0.1673399061
1.418571472 4.555846691 0.1547318399
6.70075798 1.548087478 0.09640078247
0.1859963238 1.95910573 2.744339228
1.761807203 1.113553286 0.5097187757
0.1292419285 2.861721754 2.703766346
8.289366722 2.800361395 0.04307889566
5.311868191 1.791021347 0.1051119119
7.908761501 4.988731861 0.0253455285
1.536705613 0.4823105931 1.349219203
2.976585388 4.788177967 0.07016351819
1.499782562 1.617189407 0.4122976065
7.252354622 1.42157042 0.09699572623
2.38530612 3.036016941 0.1380866468
2.690993309 0.9828886986 0.3780794144
0.8011941314 1.881433845 0.6633967161
9.605525017 0.177839607 0.5853968859
1.091708779 1.375425935 0.6659719944
4.638916492 0.5655384064 0.3811722994
0.9899166226 0.8085901737 1.249317765
1.566538572 0.9008409977 0.7086157203
2.748494148 0.8160943985 0.445825398
1.38782084 5.272965908 0.1366506368
9.899569511 0.2924291193 0.3454324007
7.424803734 1.018277526 0.1322661936
1.555780768 3.827633619 0.1679272801
0.3778348267 1.973609686 1.341024637
3.55479002 1.958321333 0.1436488181
0.2733693123 3.363890648 1.087447643
1.833104968 2.498245478 0.2183622569
0.1529876739 6.654999256 0.9821900725
0.3142715394 2.057208061 1.546737909
8.968471527 6.691186905 0.01666396856
4.461323738 1.301739335 0.1721917093
2.22285676 0.130250141 3.45390439
1.571091413 5.18708849 0.1227085665
2.648880959 5.270276546 0.07163152099
1.170575857 0.4816611111 1.773612976
3.376878738 1.122151732 0.2638961077
3.59623003 1.265725374 0.2196914107
0.1966043562 0.8368040919 6.078312874
2.130617142 6.939228535 0.0676368475
6.905740261 3.661511421 0.03954844177
4.011931896 6.191748142 0.04025623575
0.6910592318 5.149278641 0.2810207009
1.496194124 3.315001011 0.2016175836
0.7132715583 0.1058346927 13.24698448
2.88628912 0.2752578855 1.258694768
8.764348984 8.939715385 0.01276311465
1.288500905 1.965997934 0.3947591484
2.200399399 0.4335140288 1.048323512
1.092953444 1.262973189 0.7244429588
4.036881447 0.5220732689 0.4744850695
1.205580473 2.273168564 0.3648985624
8.105291367 1.905533791 0.06474626064
1.938748002 2.087184429 0.2471256405
2.690102816 1.374563098 0.2704372108
0.3509843051 1.287843347 2.212326765
3.658299446 4.237898827 0.06450155377
2.426353931 1.82343483 0.2260245383
0.7006705999 0.1928555369 7.400379181
8.333824158 0.3995831013 0.3002953231
0.1637800634 7.572241783 0.806333065
0.1796431541 5.11720705 1.087818265
0.464700371 7.816215515 0.2753153741
2.200778246 1.105080009 0.411178112
1.925684333 0.8147384524 0.6373774409
5.858632088 2.865861177 0.05955916643
3.385630369 4.39234972 0.06724555045
6.326093674 2.368484497 0.06674117595
2.671574354 6.579841137 0.05688756332
0.509032011 7.969461441 0.2465051115
0.8239992261 0.5863260031 2.069826841
2.581057549 1.616324186 0.2397032082
1.04988122 7.880338669 0.1208690107
5.577358723 2.28984189 0.07830075175
2.557667017 0.5405258536 0.7233350873
3.025021791 5.059452534 0.06533832103
0.4203714132 0.6760925651 3.518525362
6.566249847 1.039961934 0.1464418322
1.925763011 9.710769653 0.05347410589
0.298969239 0.1056438237 31.66134644
1.326631546 1.330482841 0.5665528178
0.3745809495 8.271834373 0.3227397501
0.8790655136 6.495270729 0.1751384586
1.1806705 0.6044794321 1.401166558
7.995818138 3.720331192 0.03361672908
1.400805235 2.097022772 0.3404231668
9.56470108 0.8738461137 0.1196447462
2.54690671 1.10529542 0.3552291393
0.1034407243 4.198562622 2.302543402
0.1799633801 1.786730051 3.1099751
4.913780212 1.28499043 0.1583741754
7.547304153 0.3807820082 0.3479619324
0.396909982 0.8964081407 2.810620546
1.814445972 3.104133368 0.1775479317
7.318400383 6.574751377 0.02078282088
1.826484203 0.5992909074 0.9135795832
2.475506067 8.748817444 0.04617284611
2.468048573 5.351624489 0.07571128756
4.116880417 6.222439766 0.0390365161
3.606837749 1.718002319 0.1613799781
6.044925213 1.879850745 0.08800061047
1.8631078 5.88988924 0.09112864733
0.6821616888 0.9373077154 1.563977361
2.649647474 0.7650643587 0.4933031797
0.40298298 2.096491098 1.183641791
1.613015652 1.728307128 0.3587075472
3.429399252 0.898363173 0.3245861828
2.071971655 1.643373251 0.2936837673
2.112641335 0.6953905821 0.6806837916
0.1705744863 0.5518138409 10.6241293
6.586136818 0.1302639246 1.165588021
4.734015465 5.218317986 0.04047993198
0.7681597471 0.3948375881 3.297083616
1.560783148 5.650265694 0.1133936048
3.268188953 0.7852906585 0.3896389902
0.6549044251 0.6501027942 2.348767519
4.502616882 3.250212669 0.06833186001
4.405451298 1.07894206 0.2103834003
0.7186402678 0.7620383501 1.826045632
6.411929131 0.817837894 0.1906970888
3.729241371 4.255334854 0.0630152598
5.522906303 7.98175621 0.02268474177
0.2770475447 3.053818226 1.181959271
1.52196002 3.3170228 0.198083505
2.975831985 6.891051769 0.04876475781
5.82489872 0.9959928989 0.1723674983
0.4647794068 0.1236895919 17.39482117
1.067217946 3.110132933 0.3012783527
1.662566423 1.312797904 0.4581662714
2.440569162 1.670578003 0.2452686876
2.807548046 0.8026525378 0.4437570274
1.470217586 0.8841077685 0.7693309188
3.396821022 3.854387283 0.07637865096
0.1021195203 1.011638522 9.679788589
0.2632575035 3.466723919 1.095721006
9.076414108 1.3461622 0.08184427768
0.6436529756 1.981400728 0.7841080427
2.86478591 2.931690454 0.1190665364
4.708312988 1.521656394 0.1395783573
7.753005505 8.713537216 0.01480251085
2.269867659 1.468983173 0.2999042571
5.287799835 1.363577008 0.1386900544
2.360262156 2.106481791 0.2011324018
1.331871867 6.344715118 0.1183383241
0.5014283061 0.3298466504 6.046152592
6.814869404 2.260691643 0.06490842998
0.8876556754 2.347704649 0.4798571765
3.644031286 0.3783713579 0.7252699137
2.20701766 0.4824097753 0.9392433167
1.567238331 4.214369297 0.1514022648
6.545098305 3.609194756 0.04233245924
2.147457838 1.826512575 0.2549486458
1.048229456 4.281062126 0.2228394747
7.113937378 0.8879455924 0.1583082825
4.115058422 1.551492572 0.1566297561
4.73039341 0.7639801502 0.2767073512
9.244804382 2.326098442 0.04650227353
0.3450759649 2.428910494 1.193091631
9.560783386 5.166884899 0.02024313249
0.5790485144 1.229834557 1.404230356
2.934268713 7.711946011 0.04419123381
2.738872051 2.269299269 0.1608927548
1.16640842 0.9870046973 0.8686206341
9.095609665 3.349913359 0.0328196995
0.9332219958 2.101744175 0.5098415017
0.2750070393 5.270143509 0.6899756193
0.4549557269 0.6224336028 3.531326294
0.7659144402 1.643567085 0.7943873405
2.683795691 1.536667228 0.2424770892
1.554146051 2.635596991 0.2441345155
0.368942678 1.599700451 1.694347382
3.33565402 0.2751716375 1.089470148
1.229734302 0.5867305398 1.385957837
7.453314781 0.2903379202 0.4621115029
3.873228073 1.495665312 0.1726205647
1.051203489 0.5898115039 1.612872243
4.327618122 3.540573359 0.06526456773
8.132850647 7.640882015 0.0160921365
9.289606094 3.858659029 0.02789756469
1.045666933 0.9392027855 1.01823318
1.54154408 0.3254254758 1.993391037
0.5905921459 0.3344489038 5.062704086
2.535226345 0.2518328726 1.566285253
2.244315863 0.6745199561 0.6605736017
3.906330585 1.729040623 0.148055926
0.8994489908 0.1403378695 7.922250271
0.1730518937 0.9386211634 6.156491756
0.5588233471 1.932356 0.9260582924
4.251111031 1.981641889 0.1187059209
3.378193617 2.338577747 0.1265795827
2.209508181 0.6503769755 0.695887804
4.618062496 2.427744389 0.08919432759
7.111260891 0.7430351973 0.1892535239
9.446117401 3.174132586 0.03335197642
0.2686666846 0.4651588798 8.001748085
0.2442527711 0.7851710916 5.21430254
4.806451797 0.2842749655 0.731874764
2.219912291 2.114642143 0.2130233943
0.4446169138 0.1042020172 21.58429527
2.576125622 5.161888123 0.0752011314
7.215867043 1.059223056 0.1308350265
1.930024505 0.2592234612 1.998770356
3.165294886 0.3496863842 0.9034562111
0.7031933665 0.1399971992 10.15794563
2.901416302 1.170280218 0.2945100367
1.072491407 0.2436290979 3.827163458
0.1671146601 0.1730907559 34.57096863
1.439440131 2.103615284 0.3302479088
0.229531765 5.706414223 0.7634734511
0.8461980224 6.283495903 0.1880730838
1.161590219 0.1349509358 6.379272461
1.166498542 5.592630863 0.1532849967
1.297351956 9.75872612 0.07898580283
0.3201633096 6.617912769 0.4719623923
3.250084162 1.751655102 0.1756534874
0.910318315 1.524470329 0.7205891609
0.9005014896 0.857234478 1.295435905
0.314360559 0.8891609311 3.577598095
1.772919536 1.593597293 0.3539422154
9.983384132 3.904308319 0.02565535903
1.283127785 3.444351673 0.2262677252
7.071473122 0.2666882277 0.5302568674
0.3519144356 1.049719453 2.707008839
2.260268688 1.479227543 0.299092114
1.418412089 3.246589422 0.2171551883
2.782597065 1.756587625 0.204587847
6.761387825 6.767146111 0.02185539156
0.3515494764 5.461900234 0.520798564
7.153337002 0.9819236398 0.1423684061
0.1441995203 5.613907814 1.235295653
2.356649637 3.61357522 0.1174269766
2.04545927 0.3460485041 1.412772298
1.875996351 0.7650882006 0.6967171431
2.096130848 5.242191315 0.0910057351
1.329589844 0.5333608985 1.410136342
0.3739823401 9.822090149 0.2722356319
4.636027336 2.377211332 0.09073738009
1.511919975 8.38604641 0.07887038589
1.630004883 0.407959342 1.50381434
4.687249184 6.752566338 0.03159461915
3.027256727 3.336449146 0.09900707752
2.257646799 2.667808294 0.1660310775
0.3346988261 0.6733019948 4.437475204
2.080882311 3.786290884 0.1269224584
2.483023405 0.8908089399 0.4521000981
2.359505653 2.713225603 0.1562043428
1.852786183 3.682201624 0.1465774328
0.5013105869 1.042613387 1.913241625
0.233830601 3.624098063 1.180045485
8.494051933 2.854061604 0.0412497893
7.778776169 0.4317210913 0.297773093
2.24899435 5.01174736 0.08872018754
1.087269664 6.709916115 0.1370710135
4.301447868 1.09851563 0.2116309106
1.866566658 0.608248353 0.8807964921
7.184653759 1.112521172 0.1251082271
2.124055862 2.750926495 0.1711414009
0.4424555004 3.807634592 0.5935743451
1.62087369 4.964470863 0.1242733076
0.795047164 1.328286409 0.9469245076
2.110630751 0.2431060672 1.948910713
2.193205595 5.211845398 0.08748409897
5.096090794 0.3212362826 0.6108551621
3.161146402 1.05696249 0.299292475
0.4855670929 1.491684318 1.38061893
1.260249853 1.617342472 0.4906156063
0.1564049125 4.018706322 1.590974927
1.323743701 2.383163929 0.3169875443
3.338137388 3.475387096 0.08619709313
5.594148159 0.2391108871 0.747595489
2.82580924 1.783401847 0.1984302849
0.1036358103 8.333393097 1.157892704
2.728754759 0.4583646953 0.7995108366
3.704735279 1.496994138 0.180311203
5.233062267 0.1585137695 1.205527425
0.675465107 1.121702194 1.31983459
1.383816719 3.930718184 0.183844015
4.151678562 4.259849072 0.056543421
0.4989314377 0.9468073249 2.116886377
6.402358532 0.8126636744 0.1921981275
1.270871878 4.613521576 0.1705554724
1.804823399 0.8477325439 0.6535915732
1.373386383 0.1166589037 6.2415061
1.885463476 1.017597675 0.5212016106
0.5638323426 0.3551692069 4.993610859
0.6520249844 0.7177352905 2.136837244
0.4984208941 7.296802521 0.2749610543
5.365366459 6.361078262 0.02930015326
0.1709088683 1.073394418 5.450998306
5.098284245 1.343736768 0.145969376
3.811455488 0.4801460505 0.5464315414
1.346711516 8.30694294 0.08938902617
3.337283373 1.490385294 0.2010519803
4.105892658 5.31774044 0.04579997808
8.021204948 2.21940732 0.05617245287
