-10 -10 100
-7.142857075 -8.571428299 61.2244873
-4.285714149 -7.142857075 30.61224365
-1.428571701 -5.714285851 8.163267136
1.428571701 -4.285714149 -6.122449875
4.285715103 -2.857142448 -12.2448988
7.142856598 -1.428571701 -10.20408249
10 0 0
-10 -10 100
-7.142857075 -10 71.42857361
-10 -7.142857075 71.42857361
-1.428571701 -10 14.28571701
-10 -4.285714149 42.85713959
4.285715103 -10 -42.85715103
-10 -1.428571701 14.28571701
10 -10 -100
-10 -10 100
-8.571428299 -7.142857075 61.2244873
-7.142857075 -4.285714149 30.61224365
-5.714285851 -1.428571701 8.163267136
-4.285714149 1.428571701 -6.122449875
-2.857142448 4.285715103 -12.2448988
-1.428571701 7.142856598 -10.20408249
0 10 0
-10 -10 100
-8.571428299 -10 85.71427917
-10 -4.285714149 42.85713959
-5.714285851 -10 57.14286041
-10 1.428571701 -14.28571701
-2.857142448 -10 28.57142448
-10 7.142856598 -71.42856598
0 -10 -0
-10 10 -100
0 0 0
0 0 0
10 -10 -100
0 0 0
0 -10 -0
0 0 0
0 -10 -0
0 0 0
-6.29835844 -1.982172966 12.48443604
-8.732562065 -7.447504044 65.03578949
-4.228886604 0.9275379181 -3.922452688
-4.664955139 -6.38336277 29.77810097
-6.133767128 -6.460307598 39.62602234
-8.403110504 -9.510749817 79.91988373
-4.960709095 -6.401311874 31.75504684
-7.645744324 -7.004152298 53.55195618
1.258145332 -2.462863922 -3.09864068
-6.384933949 -7.070324421 45.14355469
-7.671593666 -4.311656475 33.07727814
-5.379914284 -7.122138023 38.31649399
-5.22637701 6.28276825 -32.83611679
-2.533781052 -6.583017826 16.67992592
-1.369244576 -1.695495605 2.321548223
-0.1024484634 -0.3795642853 0.03888577595
-7.517270088 5.238599777 -39.37997055
-3.512824059 -1.23119545 4.324973106
-6.062711239 -7.399634361 44.86184692
-5.420638084 -8.642019272 46.84526062
-4.381873131 -1.836854935 8.048865318
6.988801956 -5.123646736 -35.80815125
-7.71845293 1.830944061 -14.13205528
6.879917145 -5.412281036 -37.23604584
0.0341501236 0.6428890228 0.02195473947
-5.223620892 -5.36523819 28.02597046
-9.309958458 -6.163827896 57.38498306
-2.069783211 7.902914047 -16.35731888
9.552667618 -9.400723457 -89.80198669
7.097885132 -6.884889603 -48.86815643
-7.914884567 -2.453315735 19.41771126
-6.145421505 -9.999575615 61.45160675
-8.412153244 4.855678558 -40.84671402
-7.242028236 -9.472316742 68.5987854
-8.933755875 -6.970558643 62.27326965
-9.257647514 2.174349785 -20.12936401
-9.40075779 -4.845585823 45.55217743
-8.422446251 -9.677794456 81.51070404
-2.188286304 -7.204087257 15.76460552
-8.962991714 -8.662698746 77.64369965
-9.246404648 -5.354502201 49.50989532
-2.507129192 -2.751452446 6.898246765
-2.547970295 -5.596668243 14.26014423
-6.87602663 -9.625484467 66.18508911
-8.940306664 -5.884507179 52.60929871
-1.040397644 -6.504273415 6.767030716
-4.840874672 -3.899103165 18.87507057
-6.92949295 -6.619773865 45.8716774
-7.489625931 -9.202706337 68.92482758
0.353679657 -1.172226906 -0.4145928025
-2.366748333 -4.234193802 10.02127075
-6.681020737 -2.756500721 18.41623878
-0.8887004852 -6.412780762 5.699041367
-8.640623093 -9.544867516 82.47360229
-5.444880486 -9.588327408 52.20729828
-4.840114594 -3.5277071 17.07450676
-4.596445084 5.388430595 -24.76762581
-5.99639225 -6.997426033 41.95931244
-5.654883862 -9.37689209 53.02523422
-9.575281143 -9.995305061 95.70785522
-1.487215042 -7.185721874 10.68671322
-5.785331249 -7.030644417 40.67460632
-4.085625648 -9.12446785 37.27915955
-5.053338528 -4.184979916 21.14812088
-5.286766052 -8.478746414 44.82514954
4.137737274 -7.756726265 -32.09529495
-7.62579155 -9.775177956 74.54347229
0.3705005646 -7.580218315 -2.808475256
-5.870852947 -9.352819443 54.9090271
-5.174919605 -2.68226862 13.88052464
-6.270562649 -9.782273293 61.34035873
-8.072529793 -9.392579079 75.82187653
-9.599105835 -8.627298355 82.81434631
-6.775989532 -7.28176403 49.34115601
-9.038808823 -7.374415398 66.65592957
-7.162404537 -5.071109295 36.32133484
-8.432506561 -8.722324371 73.55105591
-3.998889446 -9.415205956 37.65036774
-5.389087677 -7.461053848 40.20827484
9.194120407 -6.927974701 -63.69663239
-8.469725609 -6.985623837 59.16631699
3.345222473 -4.321979523 -14.45798302
-6.525923729 -5.461212158 35.63945389
3.327083588 -8.03660202 -26.73844719
-3.224627495 -5.7718153 18.61195374
-5.952786922 5.216593742 -31.05327034
0.7513332367 4.365644455 3.280053854
-1.562322617 -6.043958187 9.442612648
-9.721802711 -9.35054493 90.90415192
-4.12660408 -5.171521187 21.34082031
-4.727502823 -4.345335484 20.54258537
-9.522695541 5.592639923 -53.2570076
-5.587553024 -8.543361664 47.73648453
-6.544984341 -7.195415497 47.09388351
-5.962009907 -5.99352932 35.73348236
-7.387729168 -2.758316517 20.37769508
-0.8061943054 -8.704610825 7.017607689
-0.952917099 0.3839349747 -0.3658581972
0.7570114136 -9.4065485 -7.120864391
-2.603210926 -9.694521904 25.23688507
-6.772838593 -5.454670906 36.94360733
4.897502899 -9.21616745 -45.13620758
-7.419082165 4.165485382 -30.90407753
-7.742574692 -9.540057182 73.86460876
-8.699359894 -8.056817055 70.08914948
-8.660448074 -4.889839172 42.34819794
-5.861457825 2.069705963 -12.13149452
-2.869803905 -4.773455143 13.6988802
-5.683511734 -9.336206436 53.06243896
9.727817535 2.326865196 22.63532066
-8.989211082 -8.115951538 72.95600128
-6.403648853 -7.492541313 47.97960281
-9.29462719 5.727550507 -53.23544693
-7.750240326 -8.919757843 69.13026428
-6.868299007 -4.147306442 28.48494148
-4.790184021 -5.011944771 24.00813866
6.456031799 -8.913462639 -57.54559708
-5.758667946 -9.436789513 54.34333801
-4.846898079 -9.241157532 44.79094696
-2.425736904 -9.931639671 24.0915451
-9.319778442 -4.549280167 42.39828491
-9.604969978 -7.484755993 71.89085388
-5.226826191 -7.17364502 37.49539566
-6.902863503 -6.449398041 44.51931381
-1.091784477 -9.169730186 10.01136875
-5.698055267 8.46125412 -48.21269226
1.234863281 -4.884402752 -6.031569481
-9.536424637 -7.99827528 76.27494812
-6.324154377 -2.169256687 13.71871376
4.367282867 -7.102341175 -31.01793289
-8.103538513 -8.959685326 72.60515594
-7.64469862 -4.118454933 31.48434639
-3.994290352 -5.874475479 23.46436119
-9.622683525 -9.111420631 87.67631531
-9.323877335 -8.58605957 80.05536652
-8.24712944 -6.557307243 54.07896042
-4.71430254 -9.912230492 46.72925186
-8.094892502 -5.291265488 42.8322258
-4.128594875 -5.724543571 23.63432121
-5.173575401 -8.288898468 42.88323975
-5.753978729 -9.719435692 55.92542648
-6.823104382 -6.636031628 45.27833557
-0.2051229477 -6.453331947 1.323726416
-8.120903015 -5.59828949 45.46316528
-8.23760128 -6.119974136 50.4139061
-4.225615501 -0.3883190155 1.640886903
-7.63595438 -6.673447132 50.95813751
-6.339278221 -5.982831478 37.92683411
-8.520012856 9.340240479 -79.57897186
-3.925040245 -0.8318891525 3.265198469
-8.912061691 0.1081132889 -0.9635123014
-8.148504257 -6.069411278 49.45662308
-5.286343575 5.124749184 -27.09118462
-6.411124229 3.539222717 -22.69039726
-7.506997108 -9.483873367 71.19541168
0.3493328094 7.126209259 2.489418745
-5.573615551 -8.444295883 47.06525803
-9.730211258 -9.121376038 88.75291443
-7.920684338 -7.165030479 56.7519455
-8.008927345 -4.505280972 36.08246613
1.672330856 -5.891210556 -9.852053642
-0.02802181244 -5.351964951 0.1499717534
-9.922149658 -9.601998329 95.27246094
-6.479966164 -4.097980976 26.55477715
-9.864185333 -9.992473602 98.56761169
-2.981313705 2.894734383 -8.630111694
-0.3264532089 -1.675425529 0.5469480157
-2.667881012 6.7670784 -18.05376053
-9.78575325 0.02577590942 -0.2522366941
-9.494115829 2.435980797 -23.12748337
-7.004844666 -8.166012764 57.20165253
2.443370819 -3.432898521 -8.387844086
-7.420357704 -2.686490536 19.93472099
-9.36444664 -9.821316719 91.97119904
-2.801431656 -7.570946693 21.20948982
-1.80031395 -0.9468269348 1.704585791
-5.640621185 0.6643638611 -3.747424841
1.149802208 -8.259953499 -9.497312546
-6.433153152 -9.384795189 60.37382507
-9.294692993 -8.929449081 82.99649048
-7.703597069 -8.92939949 68.78849792
-9.833600044 2.001280785 -19.67979431
-6.458791256 -4.775074005 30.8412056
-0.8545894623 2.32582283 -1.987623692
-9.389148712 -7.359835625 69.10259247
1.721796036 -6.862903118 -11.81651974
-5.977719307 1.060873032 -6.341601372
-9.074494362 -5.287686348 47.98308182
-4.30424118 -9.460683823 40.72106552
-5.771090031 -8.64535141 49.89310074
-9.37622261 -7.404284477 69.42421722
-8.559373856 -9.801568031 83.89528656
-8.243587494 -6.324224472 52.13429642
-0.9586467743 -6.485688686 6.217484474
6.767084122 -6.844534397 -46.31753922
-4.668354034 -0.1527557373 0.7131178379
-1.294592857 -7.718865395 9.992788315
-6.782606125 -2.901238918 19.67796135
-7.945600033 -6.052491188 48.09067535
-7.652540207 -8.556692123 65.4804306
-8.064382553 -5.858922005 47.24858856
-5.057601452 1.934103966 -9.781927109
-9.461068153 -6.321063042 59.80400848
-7.981043816 -5.387266636 42.99600983
-4.387743473 -8.496421814 37.28012085
-4.098890305 -5.733354092 23.5003891
-9.053011894 8.45580864 -76.55053711
3.346292496 -6.373853683 -21.32877922
-5.142256737 -5.997511864 30.84074593
2.536192894 -0.8992023468 -2.280550718
6.445133209 -7.556672096 -48.70375824
-9.005906105 -5.474361897 49.30158997
-7.714186668 -8.062513351 62.19573212
-7.193305016 -6.210117817 44.67127228
-6.977143764 -9.938995361 69.34580231
-8.267086029 -8.502953529 70.29464722
-7.101789474 -5.887301445 41.81037521
-8.43265152 -9.050180435 76.3170166
-5.706525326 -2.98560667 17.03743935
-7.844111443 4.045179367 -31.73083687
6.598890305 -7.309999943 -48.23788834
-6.284225464 -7.488807678 47.06135559
-6.486471176 -5.787913322 37.54313278
-9.927016258 -8.947346687 88.82045746
-2.854847431 4.235069275 -12.09047699
-3.986771107 -8.24624157 32.87587738
-1.714682579 -0.1761522293 0.3020451665
-1.941509247 -9.092701912 17.65356445
-7.779512882 -8.094841957 62.97392654
-5.794548512 -4.996084213 28.95005226
-6.895584106 -3.336228848 23.00524712
-8.847697258 -8.773673058 77.62680054
-3.723361015 -4.475308418 16.66318893
-7.978097916 5.695920944 -45.44261551
-1.049260139 -4.476642609 4.697162628
-2.901663303 -4.014869213 11.64979839
-2.565827847 -4.074802876 10.45524311
6.619499207 -8.061954498 -53.36610031
-4.90633297 -7.629702568 37.43386078
-6.671740532 -4.080585957 27.22461128
-8.660182953 -9.223483086 79.87705231
1.569450378 -4.901966572 -7.69339323
-9.997678757 -7.619299889 76.17531586
-7.956420898 -9.354348183 74.42713165
-7.091551781 -9.845239639 69.81802368
-6.896137238 -6.711035728 46.28022385
-4.535965919 6.485349655 -29.41732407
-3.479371548 -2.244478226 7.809373856
-5.885045052 -6.016224861 35.40575409
-6.909883499 -4.863434315 33.6057663
-8.114520073 0.3754320145 -3.046450615
-7.703639507 -9.086589813 69.99980927
-5.322803974 -7.319252968 38.95895004
-4.277799129 -5.050334454 21.60431671
3.345678329 6.116895676 20.46516609
-5.582879066 -7.083699226 39.54743576
-5.839981556 -4.188642025 24.46159172
-6.482685566 -7.085868359 45.93545532
0.2390861511 -2.299362183 -0.5497456789
-8.693178177 -5.138851166 44.67294693
-6.647405624 -9.16076088 60.89529419
-6.332740784 -6.409391403 40.58901596
-0.596531868 -2.523059845 1.505085588
-2.248303413 -2.395214081 5.385168076
-9.651805878 -8.736206055 84.32016754
-8.873064041 -5.957055092 52.85733032
-9.860380173 -7.839264393 77.29812622
-4.293014526 -5.249672413 22.53692055
-8.186216354 -8.555513382 70.03728485
-9.424117088 2.514383316 -23.69584274
1.831439972 -9.780478477 -17.91235924
-6.452775955 3.331190109 -21.49542427
-9.9072752 -7.511558533 74.41907501
2.020647049 -6.065677643 -12.2565937
-2.171223164 -5.198876381 11.28792095
-4.846356392 -7.554242134 36.61054993
-9.219055176 -3.375861168 31.1222496
-1.534288406 -7.405045033 11.36147499
-6.856501579 -7.525868416 51.60112762
-9.890229225 0.0582408905 -0.5760157704
9.9094944 -9.531144142 -94.44882202
-0.541018486 -6.112141609 3.30678153
-2.789273262 -5.12326622 14.29018974
-6.494326591 -7.063016891 45.86953735
-9.779568672 -7.155946732 69.98207092
5.160434723 -8.519451141 -43.96407318
4.814959526 -7.254824638 -34.9316864
7.358922958 -2.13027668 -15.67654228
-7.748898506 -4.026612282 31.20181084
1.190594673 -7.61436224 -9.065619469
-7.664303303 -5.406887054 41.44002151
4.271343231 3.373012543 14.40729427
-8.733695984 8.498510361 -74.22340393
-3.053545475 -3.174394608 9.69315815
-2.085832596 8.226852417 -17.15983772
4.572065353 -9.291674614 -42.4821434
-9.180500031 -9.009493828 82.71165466
2.155498505 3.107813835 6.698888302
-5.944231987 -3.759351254 22.34645653
-0.2401819229 -2.810667038 0.6750714183
-2.837614059 -8.775202751 24.90063858
-1.733821869 -5.2220397 9.054086685
-5.4566679 -8.596458435 46.90802002
-4.527685165 -6.683646679 30.26144791
5.068489075 2.478060722 12.56002331
-7.908979893 -6.775184631 53.58480072
3.057569504 -6.237089157 -19.07033348
-3.234918118 -1.002059937 3.241581917
3.250561714 7.897563934 25.67151833
3.356241226 -8.522127151 -28.602314
4.934822083 -3.175684929 -15.67144012
-2.616017342 6.28726387 -16.44759178
-1.942315102 -8.864200592 17.21707153
-9.325746536 -9.74822998 90.90952301
-7.436509132 -6.928134918 51.52113724
7.786258698 -6.785606384 -52.83448792
-7.373020649 -8.245111465 60.79137802
-8.158826828 7.80014801 -63.64005661
-9.833623886 -7.343957901 72.21772003
-0.3262405396 -8.901049614 2.903883219
-7.013984203 -8.744353294 61.33275604
-5.336952686 -5.833139896 31.13119125
5.710072517 8.868682861 50.64082336
-9.206933022 5.068696976 -46.6671524
-2.651729584 -6.544346809 17.35383797
-6.749176502 -4.380912304 29.56755066
7.519651413 -4.846435547 -36.44350433
0.003664016724 -7.787880421 -0.02853492461
-8.018344879 -8.748632431 70.14955139
-8.847940445 -9.143670082 80.90264893
-9.085412025 -3.533503532 32.10333633
-9.263277054 -4.371900082 40.49812317
-2.958707333 -2.87657547 8.51094532
-9.952137947 -6.734278679 67.02046967
-4.707269192 6.48620224 -30.53229904
-7.489031792 -3.764992237 28.19614601
-4.218975067 -9.932382584 41.90447617
-9.522657394 -5.675521851 54.04605103
-8.765548706 -8.964784622 78.58125305
3.419624329 -9.519441605 -32.55291367
-6.365716934 -9.236557007 58.79730606
-6.58819294 -6.438009262 42.41484833
-0.7025384903 -9.67812252 6.799253464
-3.358337879 -4.170670509 14.00652122
-6.078634739 -8.306986809 50.49514008
-0.836016655 -9.429110527 7.882893562
1.779900551 -9.147385597 -16.28143692
-5.100802422 2.972248077 -15.16085052
-8.255945206 1.355830193 -11.19365978
-6.26277256 -4.322925568 27.07349968
-8.767814636 0.4638271332 -4.066750526
-6.649258614 -0.08853530884 0.5886941552
-6.275557518 -7.480143547 46.94207001
2.17954731 -7.572441101 -16.50449371
-9.430444717 -3.075368881 29.00209618
-8.267465591 -7.598342896 62.81903839
-9.306089401 3.685815811 -34.30053329
-7.889275074 -7.987133503 63.0126915
-6.87727499 -6.073391438 41.76838303
5.36673069 -7.19467783 -38.61189651
-8.61249733 -7.78461647 67.04499054
-7.056156158 7.136528015 -50.35645676
8.101837158 -8.945845604 -72.4777832
-6.520932198 -9.431025505 61.49907684
-9.108453751 -7.84675312 71.4717865
-1.090597153 0.4066963196 -0.4435418546
-7.539325237 -9.296976089 70.09292603
-5.804522514 -9.210925102 53.46502304
-9.654162407 -8.464160919 81.71438599
0.5610523224 -7.532806396 -4.226298332
-5.097684383 -2.696058273 13.74365425
-3.793596268 -7.925815582 30.06734467
0.8571996689 -8.815175056 -7.556365013
0.1417484283 -6.063967705 -0.8595578671
-2.949380398 -4.045217514 11.93088531
-9.741394997 9.191165924 -89.53477478
-8.858510017 -1.072508812 9.500829697
-5.157732487 -4.604688168 23.74975014
-6.762263298 -9.580980301 64.78910828
-7.328270912 -5.977797031 43.80691528
-6.633580685 -9.676746368 64.19147491
-8.123289108 -4.615177155 37.49041748
4.981735229 -9.033480644 -45.00240707
-1.080040932 -6.593001366 7.120711327
-8.458095551 -6.578583717 55.64228821
-3.591073036 -6.17909193 22.18956947
-8.398448944 -7.724469185 64.87355804
-5.158669472 -9.211320877 47.51815796
-5.992895126 -7.999184608 47.93827438
-7.708742619 -6.902215481 53.20740128
-8.001623154 -9.809396744 78.4910965
-3.845594406 -5.056279182 19.44439888
-6.753832817 0.3795166016 -2.563191652
0.646323204 2.763957977 1.786410213
-8.590921402 -7.894587517 67.82177734
-3.500002861 -4.596214771 16.08676529
-2.613763809 -8.727191925 22.81081772
-8.805089951 -7.576804161 66.71443939
-5.233920097 -3.774856567 19.75729752
-7.834474564 -0.6401357651 5.015127182
1.583889008 1.169404984 1.852207661
-3.880169868 0.6030073166 -2.339770794
-8.872560501 -7.714537621 68.4477005
-9.731030464 1.713318825 -16.67235756
-9.355082512 -7.767684937 72.66733551
-6.126803398 9.442718506 -57.85367966
0.01915073395 -7.07130146 -0.1354206055
-9.589162827 -8.764334679 84.04263306
-3.062246323 -6.946659565 21.27238274
-3.792570114 2.427042007 -9.204727173
-9.690047264 -9.13996315 88.56667328
-7.851602554 -8.276852608 64.98655701
-8.529899597 4.821716309 -41.12875748
-9.361924171 -8.667844772 81.14770508
-6.41255188 -1.248954773 8.008987427
-5.930477142 -8.550706863 50.7097702
-4.927336693 -8.403258324 41.40568161
-7.895022392 -4.577272415 36.13766861
-7.64972353 -7.632932663 58.38982391
-9.091394424 3.804698944 -34.59001923
-7.350883484 -9.442200661 69.40851593
-6.992314816 -9.002388 62.94753265
-8.506597519 -3.895401001 33.13660812
-4.756917477 -8.967204094 42.65625
-8.006720543 -8.557161331 68.51480103
-5.618424416 -9.641325951 54.16905975
-0.6765117645 -6.962144852 4.709972858
-5.300151825 -7.297111511 38.67580032
-6.409618378 -1.205976486 7.729848862
-8.625246048 -8.468166351 73.04001617
-7.140228271 -9.259439468 66.11450958
-5.853970051 3.948210716 -23.11270714
-0.9659824371 -8.199699402 7.9207654
4.797937393 -1.611060143 -7.729765892
-7.614231586 -8.554997444 65.13973236
-8.072638512 -6.050777435 48.84573746
-7.44699192 -6.894123077 51.34047699
-2.065926075 -7.36695385 15.2195816
-7.014457703 -2.474265099 17.35562706
-9.471244812 -0.05817890167 0.5510266423
-9.195379257 -9.204458237 84.63848114
-5.119834423 -3.551797867 18.18461609
-8.435819626 -8.254364967 69.63233185
5.46561718 -8.068094254 -44.09711456
9.338817596 -7.295911312 -68.13518524
1.127242088 -6.97517395 -7.862709522
-9.739198685 -5.035998821 49.04659271
-7.924190998 -9.366492271 74.22187042
2.867841721 -4.422686577 -12.68356514
-9.533412933 -8.482711792 80.86919403
-8.72482872 -2.159418583 18.8405571
-1.958638191 -7.315546989 14.32850933
-3.090797424 -4.026117802 12.44391441
4.299404144 -5.878997803 -25.2761879
-8.110304832 -1.828715324 14.83143902
-7.477784634 -4.16805315 31.16780472
-5.774518967 -9.204720497 53.15283203
-8.402544022 -2.071889877 17.40914536
-8.871650696 -9.631158829 85.4442749
-7.624455452 -7.442662716 56.74625015
-6.969122887 -8.296272278 57.81774139
-6.711304665 7.450399399 -50.00189972
-8.898256302 -4.686660767 41.70310974
-9.491844177 -9.497097015 90.14496613
-5.692081451 1.452358246 -8.266941071
-7.12933588 -1.802571297 12.85113621
-6.75433588 -6.823519707 46.08834457
-6.377331734 -8.079248428 51.52404785
-1.12963295 4.650292397 -5.253123283
-9.222379684 7.856880188 -72.45912933
-4.93392992 -6.970365524 34.39129639
-8.98859024 -6.123868942 55.04494858
-9.264691353 -8.501885414 78.76734161
-7.669514656 6.576940536 -50.44194031
-9.460252762 -6.979352951 66.02644348
-3.877783298 -2.414594173 9.363272667
-8.038498878 -3.84422493 30.90179825
-6.893768311 -6.632635593 45.72385406
-7.804489136 -9.905467033 77.30711365
2.130636215 -5.08242178 -10.82879162
-8.057133675 -9.969625473 80.32660675
-4.733197212 -5.987825871 28.34156036
-9.179894447 0.3667697906 -3.366908073
2.727507591 -1.13677597 -3.100565195
-1.120399475 -3.910756588 4.38160944
-6.98474741 -8.42842865 58.87044525
-7.016187668 -6.624902248 46.48155594
-7.478449821 -9.815125465 73.40192413
-6.089847565 -8.227773666 50.10588837
-6.462441444 1.268493652 -8.197566032
-4.421972275 -9.918808937 43.8606987
-5.662393093 -5.54744339 31.4118042
-8.418925285 -9.333864212 78.58110809
-3.467202187 -8.014108658 27.78653526
-9.78639698 -6.920530319 67.72705841
-9.642661095 -8.388281822 80.88536072
-7.139061928 -7.64257431 54.56081009
-0.9137172699 -3.737493515 3.41501236
2.921417236 -0.3987941742 -1.165044188
0.01599502563 -5.710028648 -0.09133205563
-0.9801301956 -5.01361084 4.913991451
-8.542539597 -8.97779274 76.69315338
-8.964156151 -6.700463295 60.06399918
2.24312973 -8.233047485 -18.46779442
-8.766845703 -8.091464996 70.93662262
-5.604680538 -8.707040787 48.80018234
-9.846238136 -0.9451189041 9.305866241
-5.559453964 -7.491193771 41.64694595
-6.399435997 -1.640322685 10.49713993
-4.762111664 -0.7592411041 3.615590811
-8.288024902 -9.630950928 79.82156372
3.182525635 -8.809692383 -28.03707123
-4.122526169 -3.743919373 15.43440533
-9.374240875 -5.485106468 51.4187088
-6.393041611 -8.895960808 56.87224579
-4.825220585 -2.082231045 10.04722404
-4.964096069 -7.335468769 36.41397095
-7.949193954 -7.999539852 63.58989334
-9.62618351 -8.250524521 79.42106628
-7.749908924 -8.241827011 63.87340927
-9.517910957 -5.315423489 50.59172821
-8.913572311 -9.396009445 83.75200653
-7.090857029 2.098009109 -14.87668228
-3.650546074 0.2031745911 -0.7416982055
4.730080605 -3.792328358 -17.9380188
-8.241657257 -4.571658134 37.67803955
-7.357034206 -6.950630188 51.13602448
-6.912417412 -5.608952522 38.77141953
-6.464979172 -9.610482216 62.13156891
-3.948974133 -9.066814423 35.80461502
1.071462631 -2.847475052 -3.050963163
-9.021183968 -7.948924541 71.70870972
-3.901717663 3.912612915 -15.2659111
-7.858084202 -9.09066391 71.43520355
-2.161923409 -1.548946381 3.348703384
-8.979492188 -5.539577961 49.74259567
-6.978496552 -7.720958233 53.88068008
-7.776059628 -4.711491585 36.63684082
-2.449956894 -7.716161251 18.90426254
-7.860321045 -3.651604652 28.70278549
7.64213562 2.894166946 22.11761665
-7.710748196 -7.023333549 54.15515518
0.4644632339 7.530143738 3.497474909
-9.441300392 -9.673469543 91.33013153
-7.879985809 -8.263658524 65.11751556
-4.757269859 -3.04229641 14.47302532
-9.076435089 -2.47172451 22.43444633
-6.262150288 -7.34522438 45.99689865
-4.058864594 -6.289964676 25.53011513
-5.822759151 9.14913559 -53.27321243
-6.156544685 4.299721718 -26.47142982
-7.033012867 -5.993422508 42.15181732
-9.138567924 -4.998537064 45.67947006
4.766113281 -5.166429996 -24.62379074
-9.518809319 7.275230408 -69.25153351
-4.785470963 -9.961256027 47.66930008
-8.807125092 -8.445137024 74.37738037
-7.80751133 9.452690125 -73.80198669
0.3953113556 -6.687932968 -2.643815756
4.596107483 -7.254097939 -33.34061432
-7.730389595 -6.730669975 52.03070068
-4.373355389 8.741371155 -38.22912216
7.759916306 -2.669098854 -20.71198463
-5.111119747 -7.976484299 40.76876831
-7.157052994 -8.499769211 60.83329773
-8.633197784 -6.147907734 53.07610321
-4.720215321 3.239565849 -15.29144859
-7.112482548 9.318525314 -66.27784729
-7.877034187 -9.934872627 78.25733185
-5.56481266 -3.441795349 19.15294647
-4.735311985 -5.724085808 27.10533142
-9.72517395 7.445766449 -72.41137695
6.657335281 -6.917033195 -46.04900742
-7.136779785 -8.432043076 60.17763519
-8.032291412 -7.680558205 61.69248199
-3.206279755 -8.392757416 26.90952873
-8.008277893 2.223930359 -17.8098526
-9.944960594 -9.574753761 95.22055054
6.314628601 -6.214185238 -39.24027252
-7.320530891 -9.386184692 68.71185303
-5.080266953 6.946458817 -35.28986359
-8.504471779 -7.966086388 67.74736023
-9.388288498 -9.209512711 86.46156311
-9.61517334 -8.258718491 79.40901184
-8.609920502 -9.814709663 84.5038681
-6.461091042 -7.626580238 49.27602768
-8.890164375 -9.714268684 86.36144257
-5.102365017 4.498218536 -22.95155334
0.9808979034 -2.772479534 -2.719519377
-7.537506104 -3.392643452 25.57207108
-6.39141798 -9.204283714 58.82842255
-1.765473366 6.487112045 -11.45282364
-8.700365067 -8.343551636 72.59194183
-9.067196846 -6.772420883 61.4068718
0.008183479309 -8.4556036 -0.06919625401
-7.646482468 -6.257937908 47.85121155
-8.714056969 -4.664304256 40.6450119
-8.039139748 -9.17672348 73.77296448
-5.393500805 -7.596215248 40.97019196
-4.740151405 -0.3368358612 1.596652985
1.710926056 -4.730751514 -8.093966484
7.71661377 -4.246268272 -32.76681137
0.1068210602 -5.078425407 -0.5424827933
2.295113564 -0.5326633453 -1.222522855
-8.524603844 -9.092979431 77.51404572
-8.94123745 -0.498916626 4.460932255
-6.899688244 -9.165128708 63.2365303
-8.663089752 -6.07314682 52.61221695
-3.425511837 -1.098002434 3.761220217
-9.138542175 3.741415024 -34.19107819
-8.728564262 6.034721375 -52.67445374
-9.314953804 -0.428396225 3.990491152
-7.150895119 -8.085632324 57.8195076
-6.425226688 -4.419100761 28.39372444
-5.753229141 -8.087985992 46.53203583
-6.296061516 -9.954689026 62.67533493
-7.556652069 6.414011002 -48.46844864
-1.639632225 -3.700833797 6.068006516
-2.999613762 -7.134509087 21.40077209
-6.210518837 -9.103282928 56.53610992
-7.703904629 -8.052302361 62.03416824
2.723036766 -5.979271889 -16.28177643
-9.899065018 -8.885570526 87.95883942
-8.276329994 -2.76137352 22.85403824
-7.068315506 -8.987628937 63.52739716
-5.648331642 -7.894405842 44.59022141
-3.739682198 -5.868836403 21.94758224
1.021494865 -9.385157585 -9.586890221
-7.479059219 -9.10104847 68.06728363
-1.857229233 -6.211091042 11.53541946
-5.628267288 -5.122027874 28.82814217
-3.834126472 1.019861221 -3.91027689
-4.882443428 0.5775156021 -2.819687366
-6.832281113 -9.828252792 67.14938354
0.2763795853 -7.941744328 -2.194936037
-6.502248287 2.008013725 -13.05660343
-5.202657223 -5.182869434 26.96469307
-8.403754234 -3.838537216 32.25812149
-9.156705856 3.15353775 -28.87601852
1.279882431 -3.610361099 -4.620837688
-1.831571579 -9.434341431 17.27967072
-9.975420952 -7.768436432 77.49342346
-7.368647575 -8.884628296 65.46769714
-2.635202408 2.368217468 -6.240732193
-8.327127457 6.040771484 -50.3022728
6.994535446 -0.7741451263 -5.414785385
5.757955551 -8.472690582 -48.7853775
-8.060111046 -7.859988689 63.35238266
-9.894952774 -5.634334564 55.75147629
-8.57456398 -9.862269402 84.56465912
1.5933218 -6.417740822 -10.22552681
-7.630046368 -7.089118004 54.0902977
-8.290127754 -8.171935081 67.74638367
-5.212566376 -2.539511204 13.23737049
1.220937729 -8.309370041 -10.14522362
-4.427382469 2.967151642 -13.13671494
-4.569113731 -5.146615028 23.5154686
-8.947618484 -5.264445305 47.10424805
-7.320178509 -7.812955856 57.19223022
-9.203941345 -5.332786083 49.08264923
-8.291572571 -8.78258419 72.82143402
-8.585539818 -9.593240738 82.36315155
-9.863264084 -8.924330711 88.02303314
-7.762277603 -0.3656349182 2.8381598
-4.887198925 3.090023041 -15.10155773
-6.881941795 -9.189732552 63.24320602
-7.498906136 -7.30091095 54.74884415
-5.287099838 -9.807160378 51.85143661
-3.883797646 -6.682719707 25.95433044
4.167455673 -3.46404314 -14.43624592
-7.579660416 3.402715683 -25.79142952
-5.809766293 -9.911427498 57.58307648
-8.973263741 -6.146224022 55.15168762
-3.463785172 -7.365272999 25.51172256
-7.445786476 -6.261450291 46.62142181
-7.212028503 -6.993906021 50.4402504
-4.963682175 -3.977518559 19.74313736
3.725223541 -8.610719681 -32.07685471
-8.430063248 -8.877134323 74.83480072
-5.464715004 -8.628260612 47.15098572
-9.858512878 -9.82427597 96.85275269
-9.647460938 -6.010845661 57.98939896
-1.16217804 1.973519325 -2.29358077
-5.575026989 -7.35125351 40.98343658
-4.743694305 -5.396191597 25.59788322
-6.746440887 -8.964529037 60.4786644
-2.115633965 -3.514325142 7.435025692
-2.85794735 -3.700466633 10.57573891
5.287822723 -8.255052567 -43.65125275
-3.44103241 -6.440219402 22.16100311
-9.347574234 -9.077319145 84.850914
-3.700610161 -7.333261013 27.13754082
-2.226893902 -6.168995857 13.73769951
-7.100289345 -7.82318306 55.54686356
-5.766822338 -6.868336678 39.60847855
-6.151075363 -7.921037197 48.72289658
-1.878153801 -6.325133324 11.87957287
-3.870609283 -6.474724293 25.06112862
-7.033141136 -8.62778759 60.68044662
-5.39735651 -6.842233658 36.9299736
0.4245271683 -8.780502319 -3.727561712
-9.799575806 -9.039234161 88.58065796
-0.6714878082 -8.906975746 5.98092556
-6.376968384 -3.825953007 24.39798164
-7.336219311 -0.9982891083 7.323668003
3.33486557 -7.074570656 -23.59274292
-9.826270103 -6.244230747 61.35749817
-6.642813683 -7.952417374 52.82642746
-9.940925598 -4.420763969 43.94648743
6.544174194 -4.544724464 -29.74146843
0.5290269852 -6.583795547 -3.483005524
5.775276184 -0.1237735748 -0.7148265839
-7.09756422 -9.227655411 65.4938736
-4.188715935 -0.5289325714 2.215548277
-7.172156334 -6.934970856 49.73869705
4.449201584 -7.330160618 -32.61336136
-5.383219719 -4.068652153 21.90244865
-4.765669823 -8.216386795 39.15658569
-8.583446503 -6.401143551 54.94387436
9.203079224 -9.842748642 -90.58359528
-7.996547699 -7.423381805 59.36142731
-0.8304710388 -9.059518814 7.523667812
-8.202188492 -8.568504333 70.28048706
-7.037295818 -8.382139206 58.9875946
-4.649506092 -8.553344727 39.76882935
-7.398341656 0.4504375458 -3.332490921
9.797109604 -9.611254692 -94.16251373
4.79758358 -8.144893646 -39.07580948
-7.059028625 -2.469426155 17.43174934
-9.438717842 -6.214929581 58.66096497
-3.020625591 -6.245815277 18.86627007
-9.649759293 -3.406280994 32.86979294
-6.498777866 -5.155058861 33.5015831
-9.892953873 3.242424011 -32.07715225
-9.567128181 -6.04604435 57.84328079
7.91610527 3.315529823 26.24608231
-1.18924427 -7.57224369 9.005247116
-5.711400032 -9.93888855 56.76496887
-7.028098106 0.2769470215 -1.946410894
-4.850745201 0.4450035095 -2.158598661
-7.837220192 -9.228967667 72.32945251
-3.380042076 -7.93504715 26.82079315
-2.936908722 -7.644999504 22.45266533
-9.804840088 -8.511507034 83.45396423
-5.897742748 3.816623688 -22.50946426
3.748970985 -2.805027008 -10.51596451
-2.097106457 2.306562424 -4.837107182
-8.805940628 0.2005634308 -1.76614964
-7.179405689 -3.505048275 25.16416359
-8.76106739 -9.988212585 87.50740051
-4.371132851 -9.645943642 42.1637001
7.503736496 7.858011246 58.96444702
-7.598988056 -6.230307102 47.34402847
-5.756768703 -9.326233864 53.68897247
-7.994033337 -7.650559425 61.15882874
-2.046703815 -9.147326469 18.72186852
-7.766504288 -5.609759808 43.56822205
6.172306061 -6.352457047 -39.20930862
-6.285357475 -5.985485554 37.62091827
-4.767468452 -7.425125122 35.39905167
-9.49296093 -7.600316525 72.14950562
-2.811515808 -1.640607834 4.612595081
-5.300294876 -6.518313408 34.54898453
-8.786523819 -9.812413216 86.21700287
6.633989334 -9.394781113 -62.32487869
-9.87115097 5.095438957 -50.29784775
-9.839104652 0.1357727051 -1.335881829
-9.263231277 5.588314056 -51.76584625
-5.75600338 -7.969535351 45.87267303
-6.311748505 -8.556083679 54.00384903
1.633601189 -4.412401199 -7.208103657
-3.362362385 -1.328585625 4.467186451
2.577967644 -5.41720295 -13.96537399
-4.804899693 3.090589523 -14.84997272
-9.173672676 5.897902489 -54.10542679
-8.53737545 -9.017522812 76.98597717
-4.987761974 -6.936718941 34.59870148
-8.081048012 5.717857361 -46.20627975
1.065372467 -5.576076984 -5.940598965
-5.03501606 -9.110048294 45.86923981
-4.090864658 0.01909637451 -0.07812068611
-9.35278511 -8.836176872 82.64286041
3.063131332 -8.101086617 -24.81469154
-6.311589718 9.415697098 -59.42801666
-9.598041534 -9.98859787 95.87097931
-7.521956444 -7.514175892 56.52130508
-9.445290565 6.508756638 -61.47709656
-8.426130295 2.919739723 -24.602108
-7.81682682 -8.980849266 70.20174408
5.951148033 -2.686199188 -15.98596859
-7.372110367 -5.965610504 43.97913742
9.120607376 -8.436674118 -76.94759369
-5.056753635 -7.969099998 40.29777527
-9.993048668 -1.720074654 17.18878937
-9.838458061 -6.592464447 64.85968781
-0.2751903534 -7.606080055 2.09311986
5.045060158 -9.432764053 -47.58886337
-9.40018177 -8.391094208 78.87780762
-6.536472797 -3.931043148 25.6951561
4.58262825 3.080306053 14.11589718
-6.512153149 -8.9913311 58.55292511
-5.200997353 7.472358704 -38.86371613
-5.216063499 0.6093425751 -3.178369522
-1.885088921 2.368565559 -4.46495676
-2.915478706 -6.73130846 19.62498665
2.009950638 -6.404341698 -12.87241077
-6.438165665 1.696746826 -10.92393684
-8.823915482 -8.308468819 73.31322479
-4.849196434 -8.656435966 41.97675705
-9.38791275 -5.966684341 56.01471329
-6.94340229 -6.710490704 46.59363556
-3.273940563 -8.387145042 27.45901489
-6.016218662 -6.882074356 41.40406418
-5.934057713 -8.797190666 52.20303726
-9.85742569 -9.087244987 89.57684326
3.103307724 -9.938860893 -30.84334373
-0.6383523941 0.3400373459 -0.2170636505
-8.650182724 -9.404368401 81.34950256
-7.048922539 1.212658882 -8.547938347
-3.599617958 -8.615573883 31.01277542
-8.878980637 -8.888681412 78.92243195
-1.105823517 -3.635933399 4.020700455
-1.302117348 -8.022338867 10.4460268
-8.750221252 -8.662549019 75.79921722
2.751373291 -8.549822807 -23.52375412
-2.668199062 -1.605382919 4.283481121
0.9553670883 5.922740936 5.658391953
-9.642328262 -4.032690048 38.88452148
-7.127353668 -3.500963211 24.95260239
-4.190237999 3.719297409 -15.58474159
1.565452576 -8.189912796 -12.82091999
-9.263072014 -9.952142715 92.18741608
-8.046024323 -3.918923378 31.53175354
-6.843299866 -7.549902916 51.66624832
-5.271576881 -6.827115059 35.98966217
-4.530205727 -8.580499649 38.87142944
-7.231884003 -8.415944099 60.86313248
-3.339755058 -2.415378571 8.066772461
-9.995718002 -8.158306122 81.54812622
-9.670186996 -3.19853735 30.93045425
8.134170532 -7.482500553 -60.86393738
-8.901711464 -6.19919014 55.18340302
-4.414573193 -4.279412746 18.89178085
-0.6902761459 -7.127966881 4.920265675
5.460617065 7.4010849 40.41448975
-5.616428375 -7.234377384 40.63136292
0.4804039001 -7.447319031 -3.577721119
-5.433813095 -5.946500778 32.31217194
-7.511369705 2.615586281 -19.64663506
-9.189033508 -9.535663605 87.62353516
3.565393448 -5.634966373 -20.09087181
-8.408776283 -5.459181786 45.90503693
-2.840340137 -9.437633514 26.8060894
-5.74339819 -9.227455139 52.99694824
-7.035881996 -1.688142776 11.87757301
3.020401001 -2.91071701 -8.791532516
-5.863720894 -6.512095451 38.185112
-8.084384918 -1.553409576 12.55836105
4.169570923 -8.408190727 -35.05854797
-1.888770103 -7.067691803 13.34924507
-0.6456689835 -8.658625603 5.590606213
8.474351883 -5.502830982 -46.63292694
-9.504897118 -5.295129776 50.32966232
9.112693787 0.2361316681 2.151795626
-9.032224655 -7.717505932 69.70624542
-4.274204254 5.377669334 -22.9852562
-4.668945312 -5.617576599 26.22815704
-7.845639229 -8.208070755 64.39756012
8.172948837 -3.43451786 -28.07013893
-8.31672287 -5.956071854 49.53499985
-9.646450043 0.444735527 -4.290119171
-9.282917976 -8.944578171 83.03178406
-8.654718399 -6.881682396 59.55902481
-4.780210495 -7.097641945 33.92822266
-7.0623312 -4.877581596 34.44709778
-9.456681252 -6.970302105 65.91592407
-3.463325024 -9.646118164 33.40764236
-7.717708588 -9.016706467 69.58831024
4.855182648 -9.615478516 -46.68490601
-2.377316475 -7.180474281 17.07025909
-8.07837677 -9.010481834 72.79006958
-1.459357262 -3.04934597 4.450085163
6.227981567 5.234106064 32.59791565
8.564861298 -2.406749249 -20.61347389
-8.089561462 -8.30464077 67.18090057
-7.087789536 -9.544594765 67.65007782
-9.008904457 -9.526366234 85.82212067
-5.080350876 -9.693266869 49.2451973
-5.668048382 -8.839353561 50.10188293
-2.310442924 -6.709008694 15.50078201
-8.384951591 -9.918509483 83.16622162
-9.852420807 -8.305815697 81.83238983
-9.073083878 -6.298270226 57.14473343
-1.613916397 -6.198702812 10.00418854
-3.377386093 -5.477620125 18.50003815
-5.738367081 -8.888127327 51.00333786
-0.8726005554 -5.297485828 4.622589111
4.164163589 -8.700939178 -36.23213577
8.881046295 -3.789630413 -33.65588379
-9.659258842 -9.26230526 89.46700287
-9.708580017 -8.615816116 83.64733887
-0.4920158386 -9.627727509 4.736994267
-5.717348576 -5.930015564 33.903965
-9.303804398 -9.991511345 92.9590683
-4.997725487 0.2260379791 -1.129675746
4.375490189 -8.062175751 -35.27597046
-6.3029809 -9.678336143 61.00236893
-3.807484627 -9.495582581 36.15428543
-8.781427383 -9.919198036 87.10472107
-4.340572834 -7.837818146 34.02062225
-8.035370827 -9.709839821 78.02216339
-9.864415169 -9.852341652 97.18759155
-7.29406023 -5.952291965 43.41637421
-9.738319397 1.326089859 -12.91388702
-8.492528915 2.491911888 -21.1626339
-7.855373383 -9.929391861 77.99907684
-7.845457554 1.096224785 -8.600384712
-7.58110714 9.512577057 -72.11586761
-9.555225372 3.16750145 -30.26618958
-3.636193275 -6.663322926 24.22912979
-8.36299324 -7.122282028 59.56359482
-8.382824898 -8.470233917 71.00448608
-9.566947937 -8.405735016 80.4172287
-6.620364189 -6.982631683 46.22756577
9.966432571 -2.314528465 -23.06759262
-7.609842777 -3.243733406 24.68430138
4.083785057 -9.663255692 -39.46265793
-9.491082191 -8.081375122 76.7009964
-5.635820389 -7.213681698 40.65501404
-7.336541176 -3.643253326 26.72887802
-4.580611706 -6.653358459 30.47645187
3.457349777 3.468982697 11.9934864
-9.491819382 0.8321228027 -7.898359299
4.249166489 -8.218336105 -34.92107773
-9.910708427 1.13920784 -11.29035664
-5.441111565 -2.901867867 15.78938675
-6.069779396 -9.502932549 57.68070602
-6.412128448 -8.656387329 55.505867
-5.967412472 0.3882656097 -2.316941023
-7.515979767 -9.124523163 68.5797348
-9.446500778 9.640584946 -91.0697937
-0.8363075256 -5.399572849 4.515703201
-7.147636414 6.739486694 -48.17140198
-6.909080982 -9.377860069 64.79239655
-0.7328290939 3.439529419 -2.520587206
-4.086349487 -3.461718559 14.14579201
-5.641117096 -4.812508106 27.14792252
-9.525860786 -8.841814041 84.22589111
-5.998217106 -2.552947521 15.31313324
-5.185811043 -8.402405739 43.57328796
-5.435341835 -4.720755577 25.65892029
-6.459017754 -2.763228416 17.84774208
-9.189271927 -8.095730782 74.39387512
-9.729635239 -2.880609512 28.0272789
6.957679749 -4.436239243 -30.86593246
5.512680054 -9.329855919 -51.43251038
-5.658596992 -0.07727718353 0.4372804463
-8.005516052 3.353366852 -26.84543228
-1.512226105 -7.982796669 12.07179356
-6.43117857 -8.973236084 57.70848465
4.312433243 -7.954502583 -34.3032608
-5.910997868 -4.644592285 27.45417595
-9.308170319 -2.509828568 23.36191177
-6.927527905 -0.172785759 1.196978211
-8.595864296 -7.518612862 64.62897491
-5.938119411 -9.710896492 57.66446304
-5.77130127 0.3269615173 -1.886993408
0.09311294556 -9.553057671 -0.8895133138
-3.815865517 -8.066741943 30.78160286
-9.221076965 -7.188516617 66.28586578
-7.656061172 -6.934661865 53.0921936
-9.886051178 -2.08342123 20.59680939
-7.52779007 -5.387547493 40.55632782
-3.45830822 -3.181035519 11.00100136
1.099289894 -9.718967438 -10.68396282
-4.493313789 -6.599187851 29.65222168
-9.9926548 6.633117676 -66.28245544
-4.689383984 -9.27603054 43.49887085
-2.717705727 -7.177789688 19.50712013
0.3698234558 -9.881790161 -3.654517889
-8.837444305 -7.935955048 70.13356018
-7.406430721 -2.261175156 16.74723625
-1.814790726 -1.596263885 2.896884918
-9.194077492 -8.28927803 76.21226501
2.732038498 -8.560275078 -23.38700104
-7.63460207 -0.8817739487 6.731993198
-6.555912018 -8.489429474 55.65595245
-7.427502155 -9.966345787 74.02505493
-6.393002987 -8.146266937 52.07910919
-9.062965393 -9.484506607 85.95775604
-8.88479805 -8.7520504 77.7602005
-9.195109367 4.538995743 -41.73656082
0.6371040344 2.648643494 1.687461495
-9.856749535 -8.033546448 79.18465424
0.09754371643 -7.487400532 -0.7303488851
-2.502109528 -9.232028008 23.09954453
-7.481390953 6.579681396 -49.22517014
-3.46003294 -7.191140652 24.88158417
-1.907287598 0.5408906937 -1.031634092
6.002433777 -5.71836853 -34.3241272
