0 0
1.428571463 1.195228577
2.857142925 1.690308571
4.285714149 2.070196629
5.714285851 2.390457153
7.142857552 2.672612429
8.571428299 2.927700281
10 3.162277699
0 0
1.428571463 1.195228577
0 0
4.285714149 2.070196629
0 0
7.142857552 2.672612429
0 0
10 3.162277699
0 0
1.428571463 1.195228577
2.857142925 1.690308571
4.285714149 2.070196629
5.714285851 2.390457153
7.142857552 2.672612429
8.571428299 2.927700281
10 3.162277699
0 0
1.428571463 1.195228577
0 0
4.285714149 2.070196629
0 0
7.142857552 2.672612429
0 0
10 3.162277699
1.85082078 1.360448718
4.008913517 2.002227068
0.633719027 0.7960647345
1.276247978 1.129711509
2.885556698 1.698692679
5.463768959 2.337470531
2.66752243 1.633255124
1.808318615 1.344737411
1.933116317 1.390365481
1.769846201 1.330355644
0.7984446287 0.8935573101
0.2446250021 0.4945957959
2.519645452 1.587339163
1.799344063 1.341396332
1.177127719 1.084955215
1.497923851 1.22389698
5.629072666 2.3725667
3.768568039 1.941280007
1.807533026 1.344445229
1.46483779 1.210304856
1.164203286 1.078982472
2.844171762 1.68646729
2.310042858 1.51988256
1.438930988 1.199554443
2.386811495 1.544930935
8.141384125 2.853311062
3.733109474 1.932125688
1.708491087 1.307092667
4.315377712 2.077348709
4.152252197 2.037707567
4.948775768 2.224584341
4.810217857 2.193220854
1.241364837 1.114165545
7.619299889 2.760308027
3.243587971 1.800996423
4.384402275 2.093896389
1.968644381 1.40308392
1.300182819 1.14025557
2.289680958 1.513169169
0.6789902449 0.8240086436
2.809063435 1.676026106
4.081572533 2.020290136
8.494400978 2.914515495
2.438176632 1.561466217
1.140773535 1.068070054
5.915472031 2.432174444
8.439958572 2.905160666
2.293859482 1.514549255
5.017075062 2.239882708
5.321444511 2.306825638
2.388189554 1.545376778
2.317380905 1.522294641
0.3450209498 0.58738482
1.918086052 1.384949803
3.965108395 1.991258025
8.951457024 2.991898537
9.776333809 3.126713037
0.2996381521 0.5473921299
8.548942566 2.92385745
1.557555318 1.24802053
1.042557836 1.021057248
3.773342133 1.942509294
1.927289248 1.388268471
0.000212056606 0.0145621635
0.7939234376 0.8910238147
7.427839279 2.72540617
1.378985882 1.17430234
0.26384148 0.5136550069
0.5331220627 0.7301520705
1.514720678 1.230739832
0.3711764216 0.6092424989
6.087174892 2.467220068
0.2996212542 0.5473766923
2.577207088 1.605368257
0.7887767553 0.8881310225
0.1611026525 0.4013759494
3.905856848 1.976324081
1.397956491 1.182352066
0.5185041428 0.720072329
0.6686505675 0.8177105784
0.3767974675 0.613838315
2.322748899 1.524056673
3.746435404 1.935571074
3.624273777 1.903752565
3.726014853 1.930288792
2.201665878 1.483801126
1.561986685 1.249794602
0.1872579604 0.4327331185
0.5298466682 0.7279056907
2.05774641 1.43448472
4.479801178 2.116554022
1.747863173 1.322067738
2.579562664 1.606101751
3.050448418 1.746553302
1.535253525 1.239053488
1.690112948 1.300043464
1.255186915 1.120351195
0.3986470401 0.6313850284
5.176839828 2.275266886
4.413886547 2.100925207
3.816625834 1.953618646
2.882903099 1.697911382
1.659489632 1.288211823
3.62174964 1.903089523
4.555649757 2.134396791
1.793609619 1.339257121
0.6796883345 0.8244321346
0.2275660634 0.4770388603
2.277559757 1.509158611
0.2058364153 0.4536919892
2.579942703 1.606220007
3.23614645 1.798929214
2.701777458 1.643708467
7.694215298 2.773844957
2.001803875 1.414851189
1.501286983 1.225270152
2.172558069 1.473960042
0.3115537167 0.558169961
0.2123594135 0.4608246982
0.002347414847 0.04845012724
4.256392479 2.063102722
1.407139063 1.186228871
2.107334375 1.451666117
1.484677911 1.218473554
2.957187176 1.719647408
0.4377658665 0.6616387963
2.473330736 1.572682619
2.907510042 1.70514226
2.356616974 1.53512764
0.7606270313 0.8721393347
7.068868637 2.658734322
1.121636748 1.059073567
1.187104225 1.089543104
0.112411201 0.3352777958
5.185250282 2.277114391
1.209890962 1.099950433
2.064573526 1.43686235
0.3235903084 0.5688499808
2.412540197 1.553235412
3.65886569 1.912816167
1.864718676 1.365547061
0.1088632047 0.329944253
0.963735044 0.9817000628
0.303710252 0.5510991216
0.2004471123 0.4477131963
0.6863509417 0.8284630179
1.612005353 1.269647717
1.359118104 1.165812254
0.4805955291 0.6932500005
1.312792301 1.145771503
1.418797731 1.191132903
2.464445353 1.569855213
0.7837468982 0.885294795
0.6388379335 0.7992733717
3.000555277 1.732211113
0.2923968434 0.5407373309
2.305456161 1.518372893
1.269472957 1.126708865
9.597060204 3.097912312
1.536012769 1.239359856
0.765137136 0.8747211695
1.507188082 1.227675915
6.672611237 2.583139896
2.839010239 1.684936285
1.737038136 1.317967415
2.269393921 1.506450772
6.663541794 2.581383705
0.9816992283 0.9908073545
3.387686253 1.840566874
2.11409235 1.45399189
2.023606539 1.4225353
7.608296871 2.758314133
5.375666618 2.318548441
7.182822227 2.680078745
4.218838692 2.053981066
1.978020906 1.406421304
0.139098689 0.3729593754
0.3247275651 0.5698487163
2.93669796 1.713679671
2.414239407 1.553782344
2.636248589 1.623652816
2.827332258 1.681467295
0.2386523187 0.4885205328
7.796319962 2.792189121
2.206223488 1.485336185
0.7283192277 0.8534162045
1.72750783 1.31434691
1.402292252 1.184184194
2.018995047 1.420913458
2.00323534 1.415356994
1.306135416 1.142862797
3.620841742 1.902850986
4.596902847 2.144038916
0.6476944685 0.8047946692
4.523541451 2.126861811
5.191967487 2.27858901
5.378505707 2.319160461
0.296725899 0.5447255373
3.698394537 1.923121095
0.1527390033 0.3908183873
1.613580704 1.270267963
2.272664547 1.507535934
7.44875145 2.729240179
0.3919163644 0.6260322332
1.290458918 1.135983706
7.082742691 2.661342382
1.128712535 1.062408805
0.2299713939 0.4795533419
0.6503201723 0.8064243197
0.9715915322 0.9856934547
0.6697761416 0.8183985353
2.555080414 1.598461866
2.069271088 1.438496113
6.034852982 2.456593752
3.565098047 1.888146758
2.613272429 1.61656189
2.158244133 1.469096422
0.3318967819 0.5761048198
9.863908768 3.140686035
6.163432598 2.4826262
0.5053945184 0.7109110355
0.9420240521 0.9705792069
1.798175573 1.340960741
1.253729463 1.11970067
0.3526864648 0.5938740969
7.863775253 2.804242373
1.124879718 1.060603499
0.5401212573 0.7349294424
1.565850496 1.251339436
2.926346779 1.710656881
2.60490799 1.613972783
2.494027615 1.579249024
8.2280159 2.868451834
0.5432687402 0.7370676398
2.120666027 1.456250668
0.2816051841 0.5306648612
2.576550961 1.605163813
0.3794210851 0.6159716845
3.787131548 1.946055412
0.03418004885 0.1848784685
0.3401109874 0.5831903815
2.725359917 1.650866389
0.1975149661 0.4444265664
1.257622004 1.12143743
2.386586905 1.544858217
1.413177371 1.188771367
1.548568249 1.244414806
1.775301099 1.332404256
4.454107761 2.110475779
0.4151346982 0.6443094611
2.150972366 1.466619372
9.23062706 3.038194656
5.617431641 2.370112181
2.557798624 1.599311948
0.2317876518 0.4814432859
1.00086236 1.000431061
1.837922812 1.355700135
3.915371656 1.978729844
7.183641434 2.680231571
1.448829412 1.203673244
0.9482306242 0.9737713337
0.5201573372 0.7212193608
1.17765069 1.085196137
2.940772533 1.714868069
3.002854824 1.732874751
2.06276226 1.436231971
0.1886584163 0.4343482554
0.4442898631 0.6665506959
0.3380612731 0.5814303756
0.7069703937 0.8408153057
0.876435101 0.936181128
1.721346498 1.31200099
2.64284873 1.625684023
0.04388454929 0.2094863951
0.9525537491 0.9759886265
2.354367256 1.534394741
2.935702562 1.713389158
2.137728214 1.462097168
2.413212299 1.553451777
0.855550766 0.924959898
2.123010635 1.457055449
0.1402819902 0.3745423853
1.588447809 1.260336399
1.681984186 1.296913385
4.897438526 2.213015795
1.773334026 1.331665874
0.939548552 0.9693031311
2.200855255 1.483528018
0.8811992407 0.9387221336
1.940012932 1.392843485
2.887192249 1.699174047
4.805840492 2.192222834
1.18202281 1.087208748
1.663276434 1.289680719
1.830361009 1.352908373
2.008584261 1.417245269
0.7399935722 0.8602287769
9.670120239 3.109681606
3.037479877 1.742836714
4.584055424 2.141040802
0.5439689159 0.73754251
5.054056644 2.248122931
0.9257478118 0.9621579051
1.965294361 1.401889563
2.356828213 1.535196424
7.562374592 2.749977112
1.794437885 1.33956635
6.769611359 2.601847649
1.246501327 1.116468191
0.2580631077 0.5079991221
5.174666405 2.274789333
8.56310463 2.926278353
2.213192225 1.487680197
0.7778520584 0.8819591999
0.1348943114 0.367279619
0.439312011 0.6628061533
1.039657831 1.019636154
1.417484879 1.190581799
0.9955361485 0.9977656007
2.747359514 1.657516122
5.836165428 2.415815592
2.054394722 1.433315992
4.985989094 2.232932806
2.324017525 1.524472833
0.0389252156 0.1972947419
0.1990009248 0.4460951984
1.760016799 1.326656222
2.951009512 1.717850208
0.06790733337 0.2605903447
0.003763115034 0.06134423241
3.509343147 1.873324037
6.447367191 2.539166689
4.836773396 2.199266672
4.162287235 2.040168524
3.666059494 1.914695621
8.3835392 2.895434141
0.1071232632 0.3272969127
5.012887955 2.238947868
0.2529421747 0.5029335618
6.217990398 2.493589878
1.497577667 1.223755598
0.916993618 0.9575978518
6.22168541 2.494330645
3.283550739 1.812057018
1.289821148 1.135702968
3.656754732 1.912264347
0.31777668 0.5637168288
0.08934176713 0.2989009321
3.599284172 1.897177935
1.214526772 1.102055669
4.099843025 2.024806976
4.526586533 2.127577543
2.179689407 1.47637713
5.332181931 2.309151888
5.574901104 2.361122847
0.8700230718 0.9327502847
1.783423305 1.335448742
0.3076023757 0.5546191335
0.352653712 0.5938465595
0.5352752209 0.7316250801
1.148201466 1.071541667
0.5353002548 0.7316421866
0.08319989592 0.288443923
6.000640392 2.449620485
1.770604372 1.330640554
2.612462997 1.61631155
4.572705269 2.138388395
6.162911415 2.482521296
0.3054255247 0.5526531935
1.320082068 1.148948193
5.860898018 2.420929193
1.568548441 1.252417088
2.011140347 1.418146849
5.530436516 2.351687908
0.4627530277 0.6802595258
2.356156826 1.534977794
2.84787941 1.687566161
0.2696582079 0.5192862749
2.114454985 1.454116583
0.6773244143 0.8229972124
0.3118885159 0.5584697723
1.297857761 1.139235616
0.7203131914 0.8487126827
0.09921602905 0.3149857521
0.8782062531 0.9371265769
1.837887645 1.355687141
4.520676613 2.126188278
1.757155657 1.325577497
8.383542061 2.895434618
1.577732801 1.256078362
2.665822983 1.632734776
4.923622131 2.218923569
4.352703571 2.086313486
1.140567183 1.067973375
1.608696938 1.268344164
3.549380541 1.883979917
1.027199984 1.013508797
1.973754287 1.40490365
1.173730016 1.083388209
0.7216539383 0.8495021462
0.9678089619 0.9837728143
2.070538998 1.43893671
2.471199274 1.572004914
5.967051983 2.442754984
0.2694660723 0.5191012025
1.839468598 1.356270075
1.009478092 1.00472784
2.306366682 1.518672705
2.806128263 1.675150275
0.7517888546 0.8670575619
2.950554848 1.717717886
2.133322954 1.460589886
0.4734941721 0.6881090999
9.22790432 3.037746668
6.673146248 2.58324337
1.813073277 1.346504092
2.428871632 1.55848372
2.001244068 1.414653301
6.268096447 2.503616571
4.550398827 2.133166313
8.222566605 2.867501736
1.221663833 1.105288982
0.4970470667 0.7050156593
2.262819052 1.504266977
1.142906785 1.069068193
0.9687435031 0.9842476845
1.403347373 1.184629679
1.894941092 1.376568556
1.511428118 1.229401469
0.03050216287 0.1746486872
0.8664572239 0.9308368564
0.7485234141 0.8651725054
1.449105144 1.203787804
2.056349277 1.433997631
0.7836744785 0.8852539062
0.474909544 0.6891368032
2.146737337 1.465174794
3.507196665 1.872751117
1.077944398 1.038241029
7.022589684 2.650017023
8.299445152 2.880875826
1.345000029 1.159741402
1.857887387 1.363043427
1.25559628 1.120533943
1.756764531 1.325429916
2.106043339 1.451221347
0.03649175167 0.1910281479
0.5263264775 0.7254835963
3.572576284 1.89012599
7.117534637 2.66787076
3.006614447 1.733959198
0.8768790364 0.9364181757
4.14265871 2.03535223
4.911923885 2.216285944
4.029245377 2.007297993
0.4536491334 0.6735348105
1.110243559 1.053681016
0.9525790215 0.9760015607
2.102725744 1.450077891
2.501957893 1.581757903
1.552208066 1.245876431
3.331885576 1.825345278
0.5761515498 0.759046495
0.61316365 0.7830476761
3.138319492 1.771530271
2.762345791 1.662030578
1.010950923 1.005460501
7.847960472 2.801421165
4.47536993 2.115507126
2.761678696 1.661829948
3.549168348 1.88392365
2.992565393 1.72990334
3.717086077 1.927974582
2.962598562 1.721220136
8.309749603 2.882663727
0.9690226316 0.9843894839
2.546833515 1.595880151
1.185148716 1.088645339
1.664129734 1.290011525
2.959707022 1.720379949
0.6699082851 0.8184792399
0.3882584274 0.623103857
5.784725189 2.405145645
2.549016714 1.596564054
0.001160834334 0.03407102078
1.190350175 1.091031671
1.021789432 1.010836005
0.3228259385 0.5681777596
1.45422399 1.205912113
0.07738018036 0.27817294
1.5519315 1.245765448
1.644482017 1.282373548
2.73201704 1.652881384
8.242674828 2.871005774
3.260314226 1.805634022
3.877760887 1.969203115
2.057477474 1.434391022
1.991887569 1.411342502
1.54505825 1.243003726
2.568282843 1.602586269
0.9427397847 0.9709478617
5.187716007 2.27765584
1.148180246 1.071531773
0.4567050338 0.6757995486
2.338598013 1.529247522
1.340373516 1.157745004
2.861100435 1.691478729
2.474832773 1.573160172
6.672839165 2.583184004
8.058447838 2.838740587
2.208560467 1.486122608
1.458150268 1.207538962
2.080009222 1.442223668
2.905678988 1.704605222
1.758657217 1.326143742
1.457065821 1.207089782
5.119543076 2.262640715
3.850318909 1.962222934
0.6534106731 0.8083382249
2.430574417 1.559029937
1.676297307 1.294718981
0.4196193814 0.6477803588
1.833629608 1.354115844
1.795304418 1.339889646
4.701734066 2.168348312
3.738470078 1.93351233
3.875848293 1.968717456
3.80239296 1.94997251
0.1740969867 0.4172493219
0.6318970919 0.7949195504
0.563468039 0.7506451011
2.021472454 1.421784997
0.06981015205 0.2642160952
1.080367804 1.039407372
2.853492737 1.689228415
2.375163794 1.54115665
0.9068920612 0.9523088336
0.7222435474 0.8498491049
0.287941277 0.536601603
6.257191658 2.501437902
5.915719986 2.432225227
0.1097605377 0.3313012719
1.773611903 1.331770182
6.665595055 2.581781387
0.04636224359 0.2153189331
1.244220734 1.115446448
6.010323524 2.451596022
1.967161179 1.402555227
3.914388418 1.978481293
2.40056181 1.5493747
2.576821804 1.605248213
1.222878933 1.105838537
0.3904722929 0.6248778105
3.312069416 1.819909215
4.232855797 2.057390451
1.297477484 1.139068723
1.57174933 1.253694296
1.237065911 1.112234592
0.05488541722 0.2342763692
5.029120445 2.242570162
9.9547472 3.155114412
0.2344280481 0.4841777086
4.729490757 2.174739122
1.943929076 1.394248605
3.605363369 1.898779392
2.43836689 1.561527133
1.752836823 1.32394743
1.468491673 1.211813331
0.1102158427 0.3319877088
1.422026634 1.192487597
7.580217361 2.753219366
0.7402742505 0.8603919148
7.407479763 2.721668482
1.372587562 1.171574831
8.679461479 2.946092606
3.93486166 1.983648539
1.125550747 1.060919762
2.986693859 1.728205442
5.595297337 2.365437984
1.19281888 1.09216249
1.167848349 1.080670357
2.296556473 1.515439391
7.135671616 2.671267748
6.686506271 2.585828066
0.6331517696 0.7957083583
9.24925518 3.041258812
3.473227262 1.86365962
3.412802696 1.8473773
3.957083702 1.989241958
9.113426208 3.018845081
7.286032677 2.699265242
0.3541626036 0.595115602
0.4097501934 0.6401173472
0.4952531755 0.7037422657
6.077749252 2.465309143
6.553906918 2.560060024
2.027884007 1.424037933
3.120324373 1.766443968
4.879909039 2.209051609
3.594666481 1.895960569
3.58119297 1.89240396
0.6123984456 0.782558918
4.133089066 2.032999992
2.38898015 1.545632601
2.27166605 1.507204771
0.7017708421 0.8377176523
2.736157417 1.654133439
1.658176661 1.287702084
7.534244537 2.744857788
6.239030361 2.497805119
1.045510054 1.022501826
1.612407684 1.269806147
6.528784752 2.555148602
1.881455302 1.371661544
3.382540941 1.839168549
4.498970032 2.121077538
6.625280857 2.573962212
8.948781967 2.991451502
6.678120613 2.584206104
0.7389363647 0.8596140742
7.467411041 2.732656479
3.412157536 1.847202659
3.691991329 1.921455503
8.143631935 2.853704929
4.028842449 2.007197618
0.567899704 0.7535911798
0.3371269703 0.5806263685
0.1258849502 0.3548026979
1.281745553 1.132142067
1.535932422 1.239327431
8.893129349 2.982135057
1.607196927 1.267752767
1.313489676 1.146075726
0.8774441481 0.9367198944
0.9205865264 0.9594720006
8.900074005 2.983299255
0.08318805695 0.2884233892
1.328021049 1.15239799
4.83687973 2.199290752
0.5494751334 0.741265893
1.493007898 1.221886992
0.6278234124 0.7923530936
2.331523657 1.526932716
2.083430052 1.443409204
7.855036259 2.80268383
9.434341431 3.071537256
0.3965334892 0.629709065
7.534348488 2.744876862
3.674135208 1.91680336
1.727826476 1.314468145
1.625411749 1.27491641
2.809543848 1.676169395
8.759825706 2.959700346
2.576782227 1.605235934
5.001832008 2.236477613
1.10605979 1.051693797
0.99082762 0.9954032302
0.6256835461 0.7910016179
0.5760298967 0.7589663267
0.4281648695 0.6543430686
0.4572941363 0.6762352586
3.233248234 1.798123479
0.3683616519 0.6069280505
2.814049959 1.677513003
3.520646334 1.876338601
3.561712265 1.887249947
0.02393079735 0.1546958238
1.632860661 1.277834415
2.646365404 1.62676537
8.24310112 2.87108016
1.255484104 1.120483875
3.117503881 1.765645504
2.890512466 1.700150728
0.03380851448 0.1838709116
0.2386714816 0.4885401428
2.162239075 1.470455408
0.6172254086 0.7856369615
0.5176077485 0.7194496393
6.709812164 2.590330601
0.2402789742 0.4901825786
1.817141652 1.348013997
0.3817214966 0.6178361177
1.70590353 1.306102395
1.78099525 1.334539294
4.648730755 2.156091452
0.1609385163 0.401171416
3.32083106 1.822314739
2.914664745 1.707238913
1.960682631 1.400243759
0.8465065956 0.9200579524
4.581991673 2.14055872
0.2854447365 0.5342702866
5.889950275 2.426922083
0.4263069928 0.6529219151
2.449598789 1.565119386
6.486124039 2.546787024
0.8720272183 0.9338240027
5.677915096 2.382837534
1.868613839 1.366972566
2.838537216 1.684795856
0.6160925031 0.784915626
5.231913567 2.287337542
1.675370812 1.294361115
4.955732346 2.226147413
1.862221241 1.364632249
1.259928226 1.122465253
6.089773655 2.467746735
1.213779569 1.101716638
0.2847778797 0.5336458087
3.462315559 1.860729814
0.8662670255 0.930734694
1.200828433 1.095823169
0.3469553888 0.5890291929
6.842907906 2.615895271
1.055362463 1.027308345
1.006433249 1.003211498
1.561362505 1.249544978
1.963304281 1.401179552
7.683365345 2.771888494
1.402661085 1.184339881
0.6937514544 0.8329174519
1.107691765 1.052469373
1.471921921 1.213227868
8.568264008 2.927159786
9.050918579 3.00847435
0.5270771384 0.7260007858
1.739533901 1.318913937
0.2844871283 0.5333733559
0.4457730353 0.6676623821
1.07662344 1.03760469
4.454701424 2.110616446
5.20334816 2.281084776
1.230337381 1.109205723
0.3515119553 0.5928844213
2.097738743 1.448357224
0.3945374489 0.6281221509
0.1729185879 0.4158348143
0.7679196596 0.8763102293
5.280526161 2.297939539
1.233596683 1.110674024
2.451157808 1.565617442
3.651970863 1.911013007
3.103201866 1.761590719
1.037092209 1.018377185
5.428599834 2.329935551
0.592412293 0.7696832418
5.070874214 2.251860142
1.968016028 1.402859926
3.525309801 1.877580881
2.977391243 1.725511909
0.1293026954 0.3595868349
9.595582962 3.097673893
0.5707449317 0.7554766536
4.463745594 2.112757921
2.421133757 1.555999279
2.697655916 1.642454267
1.618868232 1.272347569
0.209509939 0.4577225447
1.335864544 1.155796051
2.011101484 1.41813314
1.683209658 1.297385693
0.1616268009 0.402028352
0.9383553267 0.9686874151
2.692411423 1.640856862
7.490867615 2.736944914
0.4832598567 0.6951689124
4.459979534 2.111866474
1.703499317 1.305181742
0.7709521651 0.8780388236
1.710708261 1.307940483
3.204463482 1.790101528
1.910454035 1.382191777
0.8007754087 0.8948605657
1.137765408 1.066660881
2.420665264 1.555848718
0.3943394423 0.6279644966
2.003552437 1.415468931
1.000407815 1.000203848
1.145628691 1.070340514
1.54889226 1.244544983
0.9991883636 0.9995940924
0.09530165792 0.3087096512
3.077202797 1.754195809
2.471860409 1.57221508
1.623083472 1.27400291
5.189758301 2.278104067
5.323161602 2.307197809
6.381978989 2.526257992
0.7045395374 0.8393685222
1.052706122 1.026014686
3.249998569 1.802775264
2.701892614 1.643743515
3.693118095 1.921748757
0.6364039183 0.7977492809
0.5974549651 0.7729521394
1.211597919 1.100726128
2.383039951 1.543709755
3.112571716 1.764248252
1.082762718 1.040558815
4.679932117 2.163315058
5.791944504 2.406646013
5.584702492 2.363197565
3.059915066 1.74926126
5.301503658 2.302499533
0.5637199879 0.7508128881
1.142731071 1.068986058
0.1344846189 0.3667214513
5.856659412 2.420053482
0.322458595 0.5678544044
1.116157651 1.056483626
1.93659842 1.391617179
9.721359253 3.117909431
5.009575367 2.238208055
1.46434927 1.210103035
0.2054185867 0.4532312751
0.6178326607 0.7860233188
3.468876839 1.862492085
1.526670218 1.235584974
3.103714943 1.761736393
6.213521004 2.492693424
0.1549762338 0.3936702013
0.4300182462 0.6557577848
1.074198604 1.036435485
0.8615736961 0.9282099605
0.7350501418 0.8573506474
7.410858154 2.722289085
0.3190377951 0.5648342967
0.6660776734 0.8161358237
1.79372406 1.339299798
4.375522614 2.09177494
2.034761429 1.42645061
0.7246465087 0.851261735
2.536331654 1.592586517
0.7983708978 0.8935160041
1.052488685 1.025908709
2.711363792 1.646621943
1.175138235 1.0840379
1.183533549 1.087903261
0.4543029666 0.6740199924
6.902349472 2.627232313
1.324558258 1.150894523
0.27889961 0.5281094909
1.503842592 1.226312637
0.498806119 0.7062620521
0.7467014194 0.8641188741
3.0522995 1.747083187
2.621541262 1.619117379
0.5163980722 0.718608439
0.9966397882 0.9983184934
0.7214194536 0.8493641615
2.190787792 1.48013103
0.1793372035 0.4234822392
4.661744118 2.159107208
1.518927693 1.232447863
2.349924088 1.532946229
1.351444125 1.162516236
1.795190692 1.339847207
4.397011757 2.096905231
0.6873769164 0.8290819526
0.7659167051 0.8751666546
1.429885745 1.195778251
0.3702805042 0.6085067987
2.073014975 1.439796805
6.974105358 2.640853167
4.517008781 2.12532568
0.9001505375 0.9487626553
7.398968697 2.720104456
4.194469929 2.048040628
1.192884207 1.092192411
0.7225012183 0.8500007391
0.963680625 0.9816723466
1.974611402 1.405208707
1.276503921 1.129824758
1.552938461 1.246169567
3.967036963 1.991742134
1.316522956 1.147398353
1.492771149 1.221790195
3.762867451 1.93981123
0.2643778324 0.5141768456
4.970910549 2.229553938
0.4023103416 0.6342793703
0.3977710009 0.6306908727
2.440082788 1.562076449
3.224101067 1.795578241
0.7820901275 0.8843585849
0.8728176355 0.9342470765
7.73280859 2.780792713
0.9659529328 0.9828290343
9.669408798 3.109567404
1.352044344 1.162774444
5.563621044 2.358732939
1.512413025 1.229802012
0.1304004788 0.3611100614
2.482000589 1.575436592
1.037904501 1.01877594
0.3167538047 0.5628088713
6.43392086 2.536517382
2.788656712 1.66992712
0.2332933992 0.4830045402
0.7586440444 0.8710017204
0.6375858188 0.7984896898
3.920290709 1.979972363
4.020680904 2.00516367
1.342226505 1.158545017
3.454601288 1.85865581
2.986941099 1.728276968
7.149702072 2.673892736
2.060501099 1.435444593
0.9448474646 0.9720326662
4.085642338 2.021297216
1.261107683 1.122990489
2.915973425 1.70762217
2.112740517 1.453526974
0.3976397216 0.630586803
0.7987281084 0.8937159181
3.964055061 1.9909935
0.5641745925 0.7511155605
0.1844207942 0.4294424355
1.187772274 1.08984971
1.278668642 1.130782366
1.515438437 1.231031418
0.8518636823 0.9229646325
1.644347668 1.282321215
8.725199699 2.953844786
0.5508717895 0.7422073483
2.656669617 1.629929304
0.2540779114 0.5040614009
0.2514517009 0.501449585
2.153959274 1.4676373
5.726179123 2.392943621
1.43533206 1.198053479
4.098714352 2.024528265
1.62283206 1.273904204
1.588240266 1.260254025
1.811334133 1.345858097
0.9603757858 0.9799876213
4.435183525 2.105987549
7.325146198 2.706500769
0.3888103664 0.6235466003
8.928440094 2.988049507
2.53303504 1.591551185
1.514817238 1.230779171
0.5057049394 0.7111293674
1.93806541 1.392144203
0.367654115 0.6063448787
0.7490571737 0.8654808998
1.165242672 1.079464078
8.288470268 2.878970385
0.2698736489 0.5194936395
1.510323524 1.228952169
3.061108351 1.749602318
3.792702913 1.947486281
0.9807504416 0.9903284311
3.077887535 1.754390955
1.553115845 1.246240735
1.683682203 1.297567844
1.097755313 1.047738194
0.04726637527 0.2174083143
6.065318108 2.462786674
2.45878911 1.568052649
0.9714332819 0.9856131673
0.01518742181 0.1232372597
2.633401394 1.622775793
2.006087065 1.416364074
0.4100528061 0.6403536797
5.183384895 2.276704788
6.363753796 2.522648096
4.431612015 2.105139494
4.439800262 2.107083321
3.044621706 1.744884491
1.507626295 1.227854371
0.7857854366 0.8864454031
1.491906047 1.221436024
1.687548876 1.299056888
1.260775089 1.122842431
0.0924372375 0.3040349185
1.955076218 1.398240447
0.8861130476 0.9413357973
1.768779278 1.329954624
5.634246826 2.37365675
2.789013863 1.670034051
0.0405953303 0.2014828324
2.168803453 1.472685814
2.226278305 1.492071867
0.7905373573 0.8891216516
0.3330676556 0.5771201253
3.266398907 1.807318211
0.9929457307 0.9964666367
0.1068013459 0.3268047571
1.539734721 1.240860462
0.1786694229 0.4226930737
0.8058589697 0.8976964951
1.430469036 1.196022153
1.178712845 1.085685372
4.543141365 2.13146472
3.131253242 1.769534707
6.460708618 2.541792393
4.800602913 2.19102788
5.007997513 2.237855673
2.144985676 1.46457696
